784
12 291 322 318 1 2 11 290 319 101 102 323 117 324 115 116
291 102 323 322 2 290 12 101 318 292 293 325 117 324 327 115
322 323 117 324 12 291 318 102 115 293 325 327 328 331 332 320
318 322 324 115 11 12 319 116 291 102 323 117 332 320 331 321
102 293 325 323 290 101 291 292 322 3 13 326 118 327 117 324
293 13 326 325 101 292 102 3 323 294 295 334 118 327 336 117
325 326 118 327 102 293 323 13 117 295 334 336 329 328 344 331
323 325 327 117 291 102 322 324 293 13 326 118 328 331 329 332
117 327 328 331 322 323 324 325 332 326 118 329 23 330 119 333
327 118 329 328 325 326 323 117 331 334 336 344 23 330 345 119
328 329 23 330 117 327 331 118 119 336 344 345 416 415 424 413
331 328 330 119 117 327 324 332 333 118 329 23 415 413 416 412
115 324 332 320 319 318 116 321 322 323 117 331 119 333 22 21
324 117 331 332 322 323 318 115 320 325 327 328 330 119 333 22
332 331 119 333 115 324 320 117 22 327 328 330 413 412 415 408
320 332 333 22 116 115 321 21 324 117 331 119 412 408 413 409
13 295 334 326 292 3 293 294 325 103 104 335 120 336 118 327
295 104 335 334 3 294 13 103 326 296 297 337 120 336 339 118
334 335 120 336 13 295 326 104 118 297 337 339 340 343 344 329
326 334 336 118 293 13 325 327 295 104 335 120 344 329 343 328
104 297 337 335 294 103 295 296 334 4 14 338 121 339 120 336
297 14 338 337 103 296 104 4 335 298 299 346 121 339 348 120
337 338 121 339 104 297 335 14 120 299 346 348 341 340 356 343
335 337 339 120 295 104 334 336 297 14 338 121 340 343 341 344
120 339 340 343 334 335 336 337 344 338 121 341 24 342 122 345
339 121 341 340 337 338 335 120 343 346 348 356 24 342 357 122
340 341 24 342 120 339 343 121 122 348 356 357 428 427 436 425
343 340 342 122 120 339 336 344 345 121 341 24 427 425 428 424
118 336 344 329 325 326 327 328 334 335 120 343 122 345 23 330
336 120 343 344 334 335 326 118 329 337 339 340 342 122 345 23
344 343 122 345 118 336 329 120 23 339 340 342 425 424 427 416
329 344 345 23 327 118 328 330 336 120 343 122 424 416 425 415
14 299 346 338 296 4 297 298 337 105 106 347 123 348 121 339
299 106 347 346 4 298 14 105 338 300 301 349 123 348 351 121
346 347 123 348 14 299 338 106 121 301 349 351 352 355 356 341
338 346 348 121 297 14 337 339 299 106 347 123 356 341 355 340
106 301 349 347 298 105 299 300 346 5 15 350 124 351 123 348
301 15 350 349 105 300 106 5 347 302 303 358 124 351 360 123
349 350 124 351 106 301 347 15 123 303 358 360 353 352 368 355
347 349 351 123 299 106 346 348 301 15 350 124 352 355 353 356
123 351 352 355 346 347 348 349 356 350 124 353 25 354 125 357
351 124 353 352 349 350 347 123 355 358 360 368 25 354 369 125
352 353 25 354 123 351 355 124 125 360 368 369 440 439 448 437
355 352 354 125 123 351 348 356 357 124 353 25 439 437 440 436
121 348 356 341 337 338 339 340 346 347 123 355 125 357 24 342
348 123 355 356 346 347 338 121 341 349 351 352 354 125 357 24
356 355 125 357 121 348 341 123 24 351 352 354 437 436 439 428
341 356 357 24 339 121 340 342 348 123 355 125 436 428 437 427
15 303 358 350 300 5 301 302 349 107 108 359 126 360 124 351
303 108 359 358 5 302 15 107 350 304 305 361 126 360 363 124
358 359 126 360 15 303 350 108 124 305 361 363 364 367 368 353
350 358 360 124 301 15 349 351 303 108 359 126 368 353 367 352
108 305 361 359 302 107 303 304 358 6 16 362 127 363 126 360
305 16 362 361 107 304 108 6 359 306 307 370 127 363 372 126
361 362 127 363 108 305 359 16 126 307 370 372 365 364 380 367
359 361 363 126 303 108 358 360 305 16 362 127 364 367 365 368
126 363 364 367 358 359 360 361 368 362 127 365 26 366 128 369
363 127 365 364 361 362 359 126 367 370 372 380 26 366 381 128
364 365 26 366 126 363 367 127 128 372 380 381 452 451 460 449
367 364 366 128 126 363 360 368 369 127 365 26 451 449 452 448
124 360 368 353 349 350 351 352 358 359 126 367 128 369 25 354
360 126 367 368 358 359 350 124 353 361 363 364 366 128 369 25
368 367 128 369 124 360 353 126 25 363 364 366 449 448 451 440
353 368 369 25 351 124 352 354 360 126 367 128 448 440 449 439
16 307 370 362 304 6 305 306 361 109 110 371 129 372 127 363
307 110 371 370 6 306 16 109 362 308 309 373 129 372 375 127
370 371 129 372 16 307 362 110 127 309 373 375 376 379 380 365
362 370 372 127 305 16 361 363 307 110 371 129 380 365 379 364
110 309 373 371 306 109 307 308 370 7 17 374 130 375 129 372
309 17 374 373 109 308 110 7 371 310 311 382 130 375 384 129
373 374 130 375 110 309 371 17 129 311 382 384 377 376 392 379
371 373 375 129 307 110 370 372 309 17 374 130 376 379 377 380
129 375 376 379 370 371 372 373 380 374 130 377 27 378 131 381
375 130 377 376 373 374 371 129 379 382 384 392 27 378 393 131
376 377 27 378 129 375 379 130 131 384 392 393 464 463 472 461
379 376 378 131 129 375 372 380 381 130 377 27 463 461 464 460
127 372 380 365 361 362 363 364 370 371 129 379 131 381 26 366
372 129 379 380 370 371 362 127 365 373 375 376 378 131 381 26
380 379 131 381 127 372 365 129 26 375 376 378 461 460 463 452
365 380 381 26 363 127 364 366 372 129 379 131 460 452 461 451
17 311 382 374 308 7 309 310 373 111 112 383 132 384 130 375
311 112 383 382 7 310 17 111 374 312 313 385 132 384 387 130
382 383 132 384 17 311 374 112 130 313 385 387 388 391 392 377
374 382 384 130 309 17 373 375 311 112 383 132 392 377 391 376
112 313 385 383 310 111 311 312 382 8 18 386 133 387 132 384
313 18 386 385 111 312 112 8 383 314 315 394 133 387 396 132
385 386 133 387 112 313 383 18 132 315 394 396 389 388 404 391
383 385 387 132 311 112 382 384 313 18 386 133 388 391 389 392
132 387 388 391 382 383 384 385 392 386 133 389 28 390 134 393
387 133 389 388 385 386 383 132 391 394 396 404 28 390 405 134
388 389 28 390 132 387 391 133 134 396 404 405 476 475 484 473
391 388 390 134 132 387 384 392 393 133 389 28 475 473 476 472
130 384 392 377 373 374 375 376 382 383 132 391 134 393 27 378
384 132 391 392 382 383 374 130 377 385 387 388 390 134 393 27
392 391 134 393 130 384 377 132 27 387 388 390 473 472 475 464
377 392 393 27 375 130 376 378 384 132 391 134 472 464 473 463
18 315 394 386 312 8 313 314 385 113 114 395 135 396 133 387
315 114 395 394 8 314 18 113 386 316 317 397 135 396 399 133
394 395 135 396 18 315 386 114 133 317 397 399 400 403 404 389
386 394 396 133 313 18 385 387 315 114 395 135 404 389 403 388
114 317 397 395 314 113 315 316 394 9 19 398 136 399 135 396
317 19 398 397 113 316 114 9 395 10 20 406 136 399 138 135
397 398 136 399 114 317 395 19 135 20 406 138 401 400 407 403
395 397 399 135 315 114 394 396 317 19 398 136 400 403 401 404
135 399 400 403 394 395 396 397 404 398 136 401 29 402 137 405
399 136 401 400 397 398 395 135 403 406 138 407 29 402 30 137
400 401 29 402 135 399 403 136 137 138 407 30 488 487 496 485
403 400 402 137 135 399 396 404 405 136 401 29 487 485 488 484
133 396 404 389 385 386 387 388 394 395 135 403 137 405 28 390
396 135 403 404 394 395 386 133 389 397 399 400 402 137 405 28
404 403 137 405 133 396 389 135 28 399 400 402 485 484 487 476
389 404 405 28 387 133 388 390 396 135 403 137 484 476 485 475
22 333 412 408 321 320 21 332 409 331 119 413 141 414 139 140
333 119 413 412 332 331 320 22 408 328 330 415 141 414 417 139
412 413 141 414 22 333 408 119 139 330 415 417 418 421 422 410
408 412 414 139 21 22 409 140 333 119 413 141 422 410 421 411
119 330 415 413 331 328 332 333 412 329 23 416 142 417 141 414
330 23 416 415 328 329 331 119 413 344 345 424 142 417 426 141
415 416 142 417 119 330 413 23 141 345 424 426 419 418 434 421
413 415 417 141 333 119 412 414 330 23 416 142 418 421 419 422
141 417 418 421 412 413 414 415 422 416 142 419 33 420 143 423
417 142 419 418 415 416 413 141 421 424 426 434 33 420 435 143
418 419 33 420 141 417 421 142 143 426 434 435 506 505 514 503
421 418 420 143 141 417 414 422 423 142 419 33 505 503 506 502
139 414 422 410 409 408 140 411 412 413 141 421 143 423 32 31
414 141 421 422 412 413 408 139 410 415 417 418 420 143 423 32
422 421 143 423 139 414 410 141 32 417 418 420 503 502 505 498
410 422 423 32 140 139 411 31 414 141 421 143 502 498 503 499
23 345 424 416 328 329 330 344 415 343 122 425 144 426 142 417
345 122 425 424 344 343 329 23 416 340 342 427 144 426 429 142
424 425 144 426 23 345 416 122 142 342 427 429 430 433 434 419
416 424 426 142 330 23 415 417 345 122 425 144 434 419 433 418
122 342 427 425 343 340 344 345 424 341 24 428 145 429 144 426
342 24 428 427 340 341 343 122 425 356 357 436 145 429 438 144
427 428 145 429 122 342 425 24 144 357 436 438 431 430 446 433
425 427 429 144 345 122 424 426 342 24 428 145 430 433 431 434
144 429 430 433 424 425 426 427 434 428 145 431 34 432 146 435
429 145 431 430 427 428 425 144 433 436 438 446 34 432 447 146
430 431 34 432 144 429 433 145 146 438 446 447 518 517 526 515
433 430 432 146 144 429 426 434 435 145 431 34 517 515 518 514
142 426 434 419 415 416 417 418 424 425 144 433 146 435 33 420
426 144 433 434 424 425 416 142 419 427 429 430 432 146 435 33
434 433 146 435 142 426 419 144 33 429 430 432 515 514 517 506
419 434 435 33 417 142 418 420 426 144 433 146 514 506 515 505
24 357 436 428 340 341 342 356 427 355 125 437 147 438 145 429
357 125 437 436 356 355 341 24 428 352 354 439 147 438 441 145
436 437 147 438 24 357 428 125 145 354 439 441 442 445 446 431
428 436 438 145 342 24 427 429 357 125 437 147 446 431 445 430
125 354 439 437 355 352 356 357 436 353 25 440 148 441 147 438
354 25 440 439 352 353 355 125 437 368 369 448 148 441 450 147
439 440 148 441 125 354 437 25 147 369 448 450 443 442 458 445
437 439 441 147 357 125 436 438 354 25 440 148 442 445 443 446
147 441 442 445 436 437 438 439 446 440 148 443 35 444 149 447
441 148 443 442 439 440 437 147 445 448 450 458 35 444 459 149
442 443 35 444 147 441 445 148 149 450 458 459 530 529 538 527
445 442 444 149 147 441 438 446 447 148 443 35 529 527 530 526
145 438 446 431 427 428 429 430 436 437 147 445 149 447 34 432
438 147 445 446 436 437 428 145 431 439 441 442 444 149 447 34
446 445 149 447 145 438 431 147 34 441 442 444 527 526 529 518
431 446 447 34 429 145 430 432 438 147 445 149 526 518 527 517
25 369 448 440 352 353 354 368 439 367 128 449 150 450 148 441
369 128 449 448 368 367 353 25 440 364 366 451 150 450 453 148
448 449 150 450 25 369 440 128 148 366 451 453 454 457 458 443
440 448 450 148 354 25 439 441 369 128 449 150 458 443 457 442
128 366 451 449 367 364 368 369 448 365 26 452 151 453 150 450
366 26 452 451 364 365 367 128 449 380 381 460 151 453 462 150
451 452 151 453 128 366 449 26 150 381 460 462 455 454 470 457
449 451 453 150 369 128 448 450 366 26 452 151 454 457 455 458
150 453 454 457 448 449 450 451 458 452 151 455 36 456 152 459
453 151 455 454 451 452 449 150 457 460 462 470 36 456 471 152
454 455 36 456 150 453 457 151 152 462 470 471 542 541 550 539
457 454 456 152 150 453 450 458 459 151 455 36 541 539 542 538
148 450 458 443 439 440 441 442 448 449 150 457 152 459 35 444
450 150 457 458 448 449 440 148 443 451 453 454 456 152 459 35
458 457 152 459 148 450 443 150 35 453 454 456 539 538 541 530
443 458 459 35 441 148 442 444 450 150 457 152 538 530 539 529
26 381 460 452 364 365 366 380 451 379 131 461 153 462 151 453
381 131 461 460 380 379 365 26 452 376 378 463 153 462 465 151
460 461 153 462 26 381 452 131 151 378 463 465 466 469 470 455
452 460 462 151 366 26 451 453 381 131 461 153 470 455 469 454
131 378 463 461 379 376 380 381 460 377 27 464 154 465 153 462
378 27 464 463 376 377 379 131 461 392 393 472 154 465 474 153
463 464 154 465 131 378 461 27 153 393 472 474 467 466 482 469
461 463 465 153 381 131 460 462 378 27 464 154 466 469 467 470
153 465 466 469 460 461 462 463 470 464 154 467 37 468 155 471
465 154 467 466 463 464 461 153 469 472 474 482 37 468 483 155
466 467 37 468 153 465 469 154 155 474 482 483 554 553 562 551
469 466 468 155 153 465 462 470 471 154 467 37 553 551 554 550
151 462 470 455 451 452 453 454 460 461 153 469 155 471 36 456
462 153 469 470 460 461 452 151 455 463 465 466 468 155 471 36
470 469 155 471 151 462 455 153 36 465 466 468 551 550 553 542
455 470 471 36 453 151 454 456 462 153 469 155 550 542 551 541
27 393 472 464 376 377 378 392 463 391 134 473 156 474 154 465
393 134 473 472 392 391 377 27 464 388 390 475 156 474 477 154
472 473 156 474 27 393 464 134 154 390 475 477 478 481 482 467
464 472 474 154 378 27 463 465 393 134 473 156 482 467 481 466
134 390 475 473 391 388 392 393 472 389 28 476 157 477 156 474
390 28 476 475 388 389 391 134 473 404 405 484 157 477 486 156
475 476 157 477 134 390 473 28 156 405 484 486 479 478 494 481
473 475 477 156 393 134 472 474 390 28 476 157 478 481 479 482
156 477 478 481 472 473 474 475 482 476 157 479 38 480 158 483
477 157 479 478 475 476 473 156 481 484 486 494 38 480 495 158
478 479 38 480 156 477 481 157 158 486 494 495 566 565 574 563
481 478 480 158 156 477 474 482 483 157 479 38 565 563 566 562
154 474 482 467 463 464 465 466 472 473 156 481 158 483 37 468
474 156 481 482 472 473 464 154 467 475 477 478 480 158 483 37
482 481 158 483 154 474 467 156 37 477 478 480 563 562 565 554
467 482 483 37 465 154 466 468 474 156 481 158 562 554 563 553
28 405 484 476 388 389 390 404 475 403 137 485 159 486 157 477
405 137 485 484 404 403 389 28 476 400 402 487 159 486 489 157
484 485 159 486 28 405 476 137 157 402 487 489 490 493 494 479
476 484 486 157 390 28 475 477 405 137 485 159 494 479 493 478
137 402 487 485 403 400 404 405 484 401 29 488 160 489 159 486
402 29 488 487 400 401 403 137 485 407 30 496 160 489 162 159
487 488 160 489 137 402 485 29 159 30 496 162 491 490 497 493
485 487 489 159 405 137 484 486 402 29 488 160 490 493 491 494
159 489 490 493 484 485 486 487 494 488 160 491 39 492 161 495
489 160 491 490 487 488 485 159 493 496 162 497 39 492 40 161
490 491 39 492 159 489 493 160 161 162 497 40 578 577 586 575
493 490 492 161 159 489 486 494 495 160 491 39 577 575 578 574
157 486 494 479 475 476 477 478 484 485 159 493 161 495 38 480
486 159 493 494 484 485 476 157 479 487 489 490 492 161 495 38
494 493 161 495 157 486 479 159 38 489 490 492 575 574 577 566
479 494 495 38 477 157 478 480 486 159 493 161 574 566 575 565
32 423 502 498 411 410 31 422 499 421 143 503 165 504 163 164
423 143 503 502 422 421 410 32 498 418 420 505 165 504 507 163
502 503 165 504 32 423 498 143 163 420 505 507 508 511 512 500
498 502 504 163 31 32 499 164 423 143 503 165 512 500 511 501
143 420 505 503 421 418 422 423 502 419 33 506 166 507 165 504
420 33 506 505 418 419 421 143 503 434 435 514 166 507 516 165
505 506 166 507 143 420 503 33 165 435 514 516 509 508 524 511
503 505 507 165 423 143 502 504 420 33 506 166 508 511 509 512
165 507 508 511 502 503 504 505 512 506 166 509 43 510 167 513
507 166 509 508 505 506 503 165 511 514 516 524 43 510 525 167
508 509 43 510 165 507 511 166 167 516 524 525 596 595 604 593
511 508 510 167 165 507 504 512 513 166 509 43 595 593 596 592
163 504 512 500 499 498 164 501 502 503 165 511 167 513 42 41
504 165 511 512 502 503 498 163 500 505 507 508 510 167 513 42
512 511 167 513 163 504 500 165 42 507 508 510 593 592 595 588
500 512 513 42 164 163 501 41 504 165 511 167 592 588 593 589
33 435 514 506 418 419 420 434 505 433 146 515 168 516 166 507
435 146 515 514 434 433 419 33 506 430 432 517 168 516 519 166
514 515 168 516 33 435 506 146 166 432 517 519 520 523 524 509
506 514 516 166 420 33 505 507 435 146 515 168 524 509 523 508
146 432 517 515 433 430 434 435 514 431 34 518 169 519 168 516
432 34 518 517 430 431 433 146 515 446 447 526 169 519 528 168
517 518 169 519 146 432 515 34 168 447 526 528 521 520 536 523
515 517 519 168 435 146 514 516 432 34 518 169 520 523 521 524
168 519 520 523 514 515 516 517 524 518 169 521 44 522 170 525
519 169 521 520 517 518 515 168 523 526 528 536 44 522 537 170
520 521 44 522 168 519 523 169 170 528 536 537 608 607 616 605
523 520 522 170 168 519 516 524 525 169 521 44 607 605 608 604
166 516 524 509 505 506 507 508 514 515 168 523 170 525 43 510
516 168 523 524 514 515 506 166 509 517 519 520 522 170 525 43
524 523 170 525 166 516 509 168 43 519 520 522 605 604 607 596
509 524 525 43 507 166 508 510 516 168 523 170 604 596 605 595
34 447 526 518 430 431 432 446 517 445 149 527 171 528 169 519
447 149 527 526 446 445 431 34 518 442 444 529 171 528 531 169
526 527 171 528 34 447 518 149 169 444 529 531 532 535 536 521
518 526 528 169 432 34 517 519 447 149 527 171 536 521 535 520
149 444 529 527 445 442 446 447 526 443 35 530 172 531 171 528
444 35 530 529 442 443 445 149 527 458 459 538 172 531 540 171
529 530 172 531 149 444 527 35 171 459 538 540 533 532 548 535
527 529 531 171 447 149 526 528 444 35 530 172 532 535 533 536
171 531 532 535 526 527 528 529 536 530 172 533 45 534 173 537
531 172 533 532 529 530 527 171 535 538 540 548 45 534 549 173
532 533 45 534 171 531 535 172 173 540 548 549 620 619 628 617
535 532 534 173 171 531 528 536 537 172 533 45 619 617 620 616
169 528 536 521 517 518 519 520 526 527 171 535 173 537 44 522
528 171 535 536 526 527 518 169 521 529 531 532 534 173 537 44
536 535 173 537 169 528 521 171 44 531 532 534 617 616 619 608
521 536 537 44 519 169 520 522 528 171 535 173 616 608 617 607
35 459 538 530 442 443 444 458 529 457 152 539 174 540 172 531
459 152 539 538 458 457 443 35 530 454 456 541 174 540 543 172
538 539 174 540 35 459 530 152 172 456 541 543 544 547 548 533
530 538 540 172 444 35 529 531 459 152 539 174 548 533 547 532
152 456 541 539 457 454 458 459 538 455 36 542 175 543 174 540
456 36 542 541 454 455 457 152 539 470 471 550 175 543 552 174
541 542 175 543 152 456 539 36 174 471 550 552 545 544 560 547
539 541 543 174 459 152 538 540 456 36 542 175 544 547 545 548
174 543 544 547 538 539 540 541 548 542 175 545 46 546 176 549
543 175 545 544 541 542 539 174 547 550 552 560 46 546 561 176
544 545 46 546 174 543 547 175 176 552 560 561 632 631 640 629
547 544 546 176 174 543 540 548 549 175 545 46 631 629 632 628
172 540 548 533 529 530 531 532 538 539 174 547 176 549 45 534
540 174 547 548 538 539 530 172 533 541 543 544 546 176 549 45
548 547 176 549 172 540 533 174 45 543 544 546 629 628 631 620
533 548 549 45 531 172 532 534 540 174 547 176 628 620 629 619
36 471 550 542 454 455 456 470 541 469 155 551 177 552 175 543
471 155 551 550 470 469 455 36 542 466 468 553 177 552 555 175
550 551 177 552 36 471 542 155 175 468 553 555 556 559 560 545
542 550 552 175 456 36 541 543 471 155 551 177 560 545 559 544
155 468 553 551 469 466 470 471 550 467 37 554 178 555 177 552
468 37 554 553 466 467 469 155 551 482 483 562 178 555 564 177
553 554 178 555 155 468 551 37 177 483 562 564 557 556 572 559
551 553 555 177 471 155 550 552 468 37 554 178 556 559 557 560
177 555 556 559 550 551 552 553 560 554 178 557 47 558 179 561
555 178 557 556 553 554 551 177 559 562 564 572 47 558 573 179
556 557 47 558 177 555 559 178 179 564 572 573 644 643 652 641
559 556 558 179 177 555 552 560 561 178 557 47 643 641 644 640
175 552 560 545 541 542 543 544 550 551 177 559 179 561 46 546
552 177 559 560 550 551 542 175 545 553 555 556 558 179 561 46
560 559 179 561 175 552 545 177 46 555 556 558 641 640 643 632
545 560 561 46 543 175 544 546 552 177 559 179 640 632 641 631
37 483 562 554 466 467 468 482 553 481 158 563 180 564 178 555
483 158 563 562 482 481 467 37 554 478 480 565 180 564 567 178
562 563 180 564 37 483 554 158 178 480 565 567 568 571 572 557
554 562 564 178 468 37 553 555 483 158 563 180 572 557 571 556
158 480 565 563 481 478 482 483 562 479 38 566 181 567 180 564
480 38 566 565 478 479 481 158 563 494 495 574 181 567 576 180
565 566 181 567 158 480 563 38 180 495 574 576 569 568 584 571
563 565 567 180 483 158 562 564 480 38 566 181 568 571 569 572
180 567 568 571 562 563 564 565 572 566 181 569 48 570 182 573
567 181 569 568 565 566 563 180 571 574 576 584 48 570 585 182
568 569 48 570 180 567 571 181 182 576 584 585 656 655 664 653
571 568 570 182 180 567 564 572 573 181 569 48 655 653 656 652
178 564 572 557 553 554 555 556 562 563 180 571 182 573 47 558
564 180 571 572 562 563 554 178 557 565 567 568 570 182 573 47
572 571 182 573 178 564 557 180 47 567 568 570 653 652 655 644
557 572 573 47 555 178 556 558 564 180 571 182 652 644 653 643
38 495 574 566 478 479 480 494 565 493 161 575 183 576 181 567
495 161 575 574 494 493 479 38 566 490 492 577 183 576 579 181
574 575 183 576 38 495 566 161 181 492 577 579 580 583 584 569
566 574 576 181 480 38 565 567 495 161 575 183 584 569 583 568
161 492 577 575 493 490 494 495 574 491 39 578 184 579 183 576
492 39 578 577 490 491 493 161 575 497 40 586 184 579 186 183
577 578 184 579 161 492 575 39 183 40 586 186 581 580 587 583
575 577 579 183 495 161 574 576 492 39 578 184 580 583 581 584
183 579 580 583 574 575 576 577 584 578 184 581 49 582 185 585
579 184 581 580 577 578 575 183 583 586 186 587 49 582 50 185
580 581 49 582 183 579 583 184 185 186 587 50 668 667 676 665
583 580 582 185 183 579 576 584 585 184 581 49 667 665 668 664
181 576 584 569 565 566 567 568 574 575 183 583 185 585 48 570
576 183 583 584 574 575 566 181 569 577 579 580 582 185 585 48
584 583 185 585 181 576 569 183 48 579 580 582 665 664 667 656
569 584 585 48 567 181 568 570 576 183 583 185 664 656 665 655
42 513 592 588 501 500 41 512 589 511 167 593 189 594 187 188
513 167 593 592 512 511 500 42 588 508 510 595 189 594 597 187
592 593 189 594 42 513 588 167 187 510 595 597 598 601 602 590
588 592 594 187 41 42 589 188 513 167 593 189 602 590 601 591
167 510 595 593 511 508 512 513 592 509 43 596 190 597 189 594
510 43 596 595 508 509 511 167 593 524 525 604 190 597 606 189
595 596 190 597 167 510 593 43 189 525 604 606 599 598 614 601
593 595 597 189 513 167 592 594 510 43 596 190 598 601 599 602
189 597 598 601 592 593 594 595 602 596 190 599 53 600 191 603
597 190 599 598 595 596 593 189 601 604 606 614 53 600 615 191
598 599 53 600 189 597 601 190 191 606 614 615 686 685 694 683
601 598 600 191 189 597 594 602 603 190 599 53 685 683 686 682
187 594 602 590 589 588 188 591 592 593 189 601 191 603 52 51
594 189 601 602 592 593 588 187 590 595 597 598 600 191 603 52
602 601 191 603 187 594 590 189 52 597 598 600 683 682 685 678
590 602 603 52 188 187 591 51 594 189 601 191 682 678 683 679
43 525 604 596 508 509 510 524 595 523 170 605 192 606 190 597
525 170 605 604 524 523 509 43 596 520 522 607 192 606 609 190
604 605 192 606 43 525 596 170 190 522 607 609 610 613 614 599
596 604 606 190 510 43 595 597 525 170 605 192 614 599 613 598
170 522 607 605 523 520 524 525 604 521 44 608 193 609 192 606
522 44 608 607 520 521 523 170 605 536 537 616 193 609 618 192
607 608 193 609 170 522 605 44 192 537 616 618 611 610 626 613
605 607 609 192 525 170 604 606 522 44 608 193 610 613 611 614
192 609 610 613 604 605 606 607 614 608 193 611 54 612 194 615
609 193 611 610 607 608 605 192 613 616 618 626 54 612 627 194
610 611 54 612 192 609 613 193 194 618 626 627 698 697 706 695
613 610 612 194 192 609 606 614 615 193 611 54 697 695 698 694
190 606 614 599 595 596 597 598 604 605 192 613 194 615 53 600
606 192 613 614 604 605 596 190 599 607 609 610 612 194 615 53
614 613 194 615 190 606 599 192 53 609 610 612 695 694 697 686
599 614 615 53 597 190 598 600 606 192 613 194 694 686 695 685
44 537 616 608 520 521 522 536 607 535 173 617 195 618 193 609
537 173 617 616 536 535 521 44 608 532 534 619 195 618 621 193
616 617 195 618 44 537 608 173 193 534 619 621 622 625 626 611
608 616 618 193 522 44 607 609 537 173 617 195 626 611 625 610
173 534 619 617 535 532 536 537 616 533 45 620 196 621 195 618
534 45 620 619 532 533 535 173 617 548 549 628 196 621 630 195
619 620 196 621 173 534 617 45 195 549 628 630 623 622 638 625
617 619 621 195 537 173 616 618 534 45 620 196 622 625 623 626
195 621 622 625 616 617 618 619 626 620 196 623 55 624 197 627
621 196 623 622 619 620 617 195 625 628 630 638 55 624 639 197
622 623 55 624 195 621 625 196 197 630 638 639 710 709 718 707
625 622 624 197 195 621 618 626 627 196 623 55 709 707 710 706
193 618 626 611 607 608 609 610 616 617 195 625 197 627 54 612
618 195 625 626 616 617 608 193 611 619 621 622 624 197 627 54
626 625 197 627 193 618 611 195 54 621 622 624 707 706 709 698
611 626 627 54 609 193 610 612 618 195 625 197 706 698 707 697
45 549 628 620 532 533 534 548 619 547 176 629 198 630 196 621
549 176 629 628 548 547 533 45 620 544 546 631 198 630 633 196
628 629 198 630 45 549 620 176 196 546 631 633 634 637 638 623
620 628 630 196 534 45 619 621 549 176 629 198 638 623 637 622
176 546 631 629 547 544 548 549 628 545 46 632 199 633 198 630
546 46 632 631 544 545 547 176 629 560 561 640 199 633 642 198
631 632 199 633 176 546 629 46 198 561 640 642 635 634 650 637
629 631 633 198 549 176 628 630 546 46 632 199 634 637 635 638
198 633 634 637 628 629 630 631 638 632 199 635 56 636 200 639
633 199 635 634 631 632 629 198 637 640 642 650 56 636 651 200
634 635 56 636 198 633 637 199 200 642 650 651 722 721 730 719
637 634 636 200 198 633 630 638 639 199 635 56 721 719 722 718
196 630 638 623 619 620 621 622 628 629 198 637 200 639 55 624
630 198 637 638 628 629 620 196 623 631 633 634 636 200 639 55
638 637 200 639 196 630 623 198 55 633 634 636 719 718 721 710
623 638 639 55 621 196 622 624 630 198 637 200 718 710 719 709
46 561 640 632 544 545 546 560 631 559 179 641 201 642 199 633
561 179 641 640 560 559 545 46 632 556 558 643 201 642 645 199
640 641 201 642 46 561 632 179 199 558 643 645 646 649 650 635
632 640 642 199 546 46 631 633 561 179 641 201 650 635 649 634
179 558 643 641 559 556 560 561 640 557 47 644 202 645 201 642
558 47 644 643 556 557 559 179 641 572 573 652 202 645 654 201
643 644 202 645 179 558 641 47 201 573 652 654 647 646 662 649
641 643 645 201 561 179 640 642 558 47 644 202 646 649 647 650
201 645 646 649 640 641 642 643 650 644 202 647 57 648 203 651
645 202 647 646 643 644 641 201 649 652 654 662 57 648 663 203
646 647 57 648 201 645 649 202 203 654 662 663 734 733 742 731
649 646 648 203 201 645 642 650 651 202 647 57 733 731 734 730
199 642 650 635 631 632 633 634 640 641 201 649 203 651 56 636
642 201 649 650 640 641 632 199 635 643 645 646 648 203 651 56
650 649 203 651 199 642 635 201 56 645 646 648 731 730 733 722
635 650 651 56 633 199 634 636 642 201 649 203 730 722 731 721
47 573 652 644 556 557 558 572 643 571 182 653 204 654 202 645
573 182 653 652 572 571 557 47 644 568 570 655 204 654 657 202
652 653 204 654 47 573 644 182 202 570 655 657 658 661 662 647
644 652 654 202 558 47 643 645 573 182 653 204 662 647 661 646
182 570 655 653 571 568 572 573 652 569 48 656 205 657 204 654
570 48 656 655 568 569 571 182 653 584 585 664 205 657 666 204
655 656 205 657 182 570 653 48 204 585 664 666 659 658 674 661
653 655 657 204 573 182 652 654 570 48 656 205 658 661 659 662
204 657 658 661 652 653 654 655 662 656 205 659 58 660 206 663
657 205 659 658 655 656 653 204 661 664 666 674 58 660 675 206
658 659 58 660 204 657 661 205 206 666 674 675 746 745 754 743
661 658 660 206 204 657 654 662 663 205 659 58 745 743 746 742
202 654 662 647 643 644 645 646 652 653 204 661 206 663 57 648
654 204 661 662 652 653 644 202 647 655 657 658 660 206 663 57
662 661 206 663 202 654 647 204 57 657 658 660 743 742 745 734
647 662 663 57 645 202 646 648 654 204 661 206 742 734 743 733
48 585 664 656 568 569 570 584 655 583 185 665 207 666 205 657
585 185 665 664 584 583 569 48 656 580 582 667 207 666 669 205
664 665 207 666 48 585 656 185 205 582 667 669 670 673 674 659
656 664 666 205 570 48 655 657 585 185 665 207 674 659 673 658
185 582 667 665 583 580 584 585 664 581 49 668 208 669 207 666
582 49 668 667 580 581 583 185 665 587 50 676 208 669 210 207
667 668 208 669 185 582 665 49 207 50 676 210 671 670 677 673
665 667 669 207 585 185 664 666 582 49 668 208 670 673 671 674
207 669 670 673 664 665 666 667 674 668 208 671 59 672 209 675
669 208 671 670 667 668 665 207 673 676 210 677 59 672 60 209
670 671 59 672 207 669 673 208 209 210 677 60 758 757 766 755
673 670 672 209 207 669 666 674 675 208 671 59 757 755 758 754
205 666 674 659 655 656 657 658 664 665 207 673 209 675 58 660
666 207 673 674 664 665 656 205 659 667 669 670 672 209 675 58
674 673 209 675 205 666 659 207 58 669 670 672 755 754 757 746
659 674 675 58 657 205 658 660 666 207 673 209 754 746 755 745
52 603 682 678 591 590 51 602 679 601 191 683 213 684 211 212
603 191 683 682 602 601 590 52 678 598 600 685 213 684 687 211
682 683 213 684 52 603 678 191 211 600 685 687 688 691 692 680
678 682 684 211 51 52 679 212 603 191 683 213 692 680 691 681
191 600 685 683 601 598 602 603 682 599 53 686 214 687 213 684
600 53 686 685 598 599 601 191 683 614 615 694 214 687 696 213
685 686 214 687 191 600 683 53 213 615 694 696 689 688 704 691
683 685 687 213 603 191 682 684 600 53 686 214 688 691 689 692
213 687 688 691 682 683 684 685 692 686 214 689 63 690 215 693
687 214 689 688 685 686 683 213 691 694 696 704 63 690 705 215
688 689 63 690 213 687 691 214 215 696 704 705 776 775 784 773
691 688 690 215 213 687 684 692 693 214 689 63 775 773 776 772
211 684 692 680 679 678 212 681 682 683 213 691 215 693 62 61
684 213 691 692 682 683 678 211 680 685 687 688 690 215 693 62
692 691 215 693 211 684 680 213 62 687 688 690 773 772 775 768
680 692 693 62 212 211 681 61 684 213 691 215 772 768 773 769
53 615 694 686 598 599 600 614 685 613 194 695 216 696 214 687
615 194 695 694 614 613 599 53 686 610 612 697 216 696 699 214
694 695 216 696 53 615 686 194 214 612 697 699 700 703 704 689
686 694 696 214 600 53 685 687 615 194 695 216 704 689 703 688
194 612 697 695 613 610 614 615 694 611 54 698 217 699 216 696
612 54 698 697 610 611 613 194 695 626 627 706 217 699 708 216
697 698 217 699 194 612 695 54 216 627 706 708 701 700 716 703
695 697 699 216 615 194 694 696 612 54 698 217 700 703 701 704
216 699 700 703 694 695 696 697 704 698 217 701 64 702 218 705
699 217 701 700 697 698 695 216 703 706 708 716 64 702 717 218
700 701 64 702 216 699 703 217 218 708 716 717 788 787 796 785
703 700 702 218 216 699 696 704 705 217 701 64 787 785 788 784
214 696 704 689 685 686 687 688 694 695 216 703 218 705 63 690
696 216 703 704 694 695 686 214 689 697 699 700 702 218 705 63
704 703 218 705 214 696 689 216 63 699 700 702 785 784 787 776
689 704 705 63 687 214 688 690 696 216 703 218 784 776 785 775
54 627 706 698 610 611 612 626 697 625 197 707 219 708 217 699
627 197 707 706 626 625 611 54 698 622 624 709 219 708 711 217
706 707 219 708 54 627 698 197 217 624 709 711 712 715 716 701
698 706 708 217 612 54 697 699 627 197 707 219 716 701 715 700
197 624 709 707 625 622 626 627 706 623 55 710 220 711 219 708
624 55 710 709 622 623 625 197 707 638 639 718 220 711 720 219
709 710 220 711 197 624 707 55 219 639 718 720 713 712 728 715
707 709 711 219 627 197 706 708 624 55 710 220 712 715 713 716
219 711 712 715 706 707 708 709 716 710 220 713 65 714 221 717
711 220 713 712 709 710 707 219 715 718 720 728 65 714 729 221
712 713 65 714 219 711 715 220 221 720 728 729 800 799 808 797
715 712 714 221 219 711 708 716 717 220 713 65 799 797 800 796
217 708 716 701 697 698 699 700 706 707 219 715 221 717 64 702
708 219 715 716 706 707 698 217 701 709 711 712 714 221 717 64
716 715 221 717 217 708 701 219 64 711 712 714 797 796 799 788
701 716 717 64 699 217 700 702 708 219 715 221 796 788 797 787
55 639 718 710 622 623 624 638 709 637 200 719 222 720 220 711
639 200 719 718 638 637 623 55 710 634 636 721 222 720 723 220
718 719 222 720 55 639 710 200 220 636 721 723 724 727 728 713
710 718 720 220 624 55 709 711 639 200 719 222 728 713 727 712
200 636 721 719 637 634 638 639 718 635 56 722 223 723 222 720
636 56 722 721 634 635 637 200 719 650 651 730 223 723 732 222
721 722 223 723 200 636 719 56 222 651 730 732 725 724 740 727
719 721 723 222 639 200 718 720 636 56 722 223 724 727 725 728
222 723 724 727 718 719 720 721 728 722 223 725 66 726 224 729
723 223 725 724 721 722 719 222 727 730 732 740 66 726 741 224
724 725 66 726 222 723 727 223 224 732 740 741 812 811 820 809
727 724 726 224 222 723 720 728 729 223 725 66 811 809 812 808
220 720 728 713 709 710 711 712 718 719 222 727 224 729 65 714
720 222 727 728 718 719 710 220 713 721 723 724 726 224 729 65
728 727 224 729 220 720 713 222 65 723 724 726 809 808 811 800
713 728 729 65 711 220 712 714 720 222 727 224 808 800 809 799
56 651 730 722 634 635 636 650 721 649 203 731 225 732 223 723
651 203 731 730 650 649 635 56 722 646 648 733 225 732 735 223
730 731 225 732 56 651 722 203 223 648 733 735 736 739 740 725
722 730 732 223 636 56 721 723 651 203 731 225 740 725 739 724
203 648 733 731 649 646 650 651 730 647 57 734 226 735 225 732
648 57 734 733 646 647 649 203 731 662 663 742 226 735 744 225
733 734 226 735 203 648 731 57 225 663 742 744 737 736 752 739
731 733 735 225 651 203 730 732 648 57 734 226 736 739 737 740
225 735 736 739 730 731 732 733 740 734 226 737 67 738 227 741
735 226 737 736 733 734 731 225 739 742 744 752 67 738 753 227
736 737 67 738 225 735 739 226 227 744 752 753 824 823 832 821
739 736 738 227 225 735 732 740 741 226 737 67 823 821 824 820
223 732 740 725 721 722 723 724 730 731 225 739 227 741 66 726
732 225 739 740 730 731 722 223 725 733 735 736 738 227 741 66
740 739 227 741 223 732 725 225 66 735 736 738 821 820 823 812
725 740 741 66 723 223 724 726 732 225 739 227 820 812 821 811
57 663 742 734 646 647 648 662 733 661 206 743 228 744 226 735
663 206 743 742 662 661 647 57 734 658 660 745 228 744 747 226
742 743 228 744 57 663 734 206 226 660 745 747 748 751 752 737
734 742 744 226 648 57 733 735 663 206 743 228 752 737 751 736
206 660 745 743 661 658 662 663 742 659 58 746 229 747 228 744
660 58 746 745 658 659 661 206 743 674 675 754 229 747 756 228
745 746 229 747 206 660 743 58 228 675 754 756 749 748 764 751
743 745 747 228 663 206 742 744 660 58 746 229 748 751 749 752
228 747 748 751 742 743 744 745 752 746 229 749 68 750 230 753
747 229 749 748 745 746 743 228 751 754 756 764 68 750 765 230
748 749 68 750 228 747 751 229 230 756 764 765 836 835 844 833
751 748 750 230 228 747 744 752 753 229 749 68 835 833 836 832
226 744 752 737 733 734 735 736 742 743 228 751 230 753 67 738
744 228 751 752 742 743 734 226 737 745 747 748 750 230 753 67
752 751 230 753 226 744 737 228 67 747 748 750 833 832 835 824
737 752 753 67 735 226 736 738 744 228 751 230 832 824 833 823
58 675 754 746 658 659 660 674 745 673 209 755 231 756 229 747
675 209 755 754 674 673 659 58 746 670 672 757 231 756 759 229
754 755 231 756 58 675 746 209 229 672 757 759 760 763 764 749
746 754 756 229 660 58 745 747 675 209 755 231 764 749 763 748
209 672 757 755 673 670 674 675 754 671 59 758 232 759 231 756
672 59 758 757 670 671 673 209 755 677 60 766 232 759 234 231
757 758 232 759 209 672 755 59 231 60 766 234 761 760 767 763
755 757 759 231 675 209 754 756 672 59 758 232 760 763 761 764
231 759 760 763 754 755 756 757 764 758 232 761 69 762 233 765
759 232 761 760 757 758 755 231 763 766 234 767 69 762 70 233
760 761 69 762 231 759 763 232 233 234 767 70 848 847 856 845
763 760 762 233 231 759 756 764 765 232 761 69 847 845 848 844
229 756 764 749 745 746 747 748 754 755 231 763 233 765 68 750
756 231 763 764 754 755 746 229 749 757 759 760 762 233 765 68
764 763 233 765 229 756 749 231 68 759 760 762 845 844 847 836
749 764 765 68 747 229 748 750 756 231 763 233 844 836 845 835
62 693 772 768 681 680 61 692 769 691 215 773 237 774 235 236
693 215 773 772 692 691 680 62 768 688 690 775 237 774 777 235
772 773 237 774 62 693 768 215 235 690 775 777 778 781 782 770
768 772 774 235 61 62 769 236 693 215 773 237 782 770 781 771
215 690 775 773 691 688 692 693 772 689 63 776 238 777 237 774
690 63 776 775 688 689 691 215 773 704 705 784 238 777 786 237
775 776 238 777 215 690 773 63 237 705 784 786 779 778 794 781
773 775 777 237 693 215 772 774 690 63 776 238 778 781 779 782
237 777 778 781 772 773 774 775 782 776 238 779 73 780 239 783
777 238 779 778 775 776 773 237 781 784 786 794 73 780 795 239
778 779 73 780 237 777 781 238 239 786 794 795 866 865 874 863
781 778 780 239 237 777 774 782 783 238 779 73 865 863 866 862
235 774 782 770 769 768 236 771 772 773 237 781 239 783 72 71
774 237 781 782 772 773 768 235 770 775 777 778 780 239 783 72
782 781 239 783 235 774 770 237 72 777 778 780 863 862 865 858
770 782 783 72 236 235 771 71 774 237 781 239 862 858 863 859
63 705 784 776 688 689 690 704 775 703 218 785 240 786 238 777
705 218 785 784 704 703 689 63 776 700 702 787 240 786 789 238
784 785 240 786 63 705 776 218 238 702 787 789 790 793 794 779
776 784 786 238 690 63 775 777 705 218 785 240 794 779 793 778
218 702 787 785 703 700 704 705 784 701 64 788 241 789 240 786
702 64 788 787 700 701 703 218 785 716 717 796 241 789 798 240
787 788 241 789 218 702 785 64 240 717 796 798 791 790 806 793
785 787 789 240 705 218 784 786 702 64 788 241 790 793 791 794
240 789 790 793 784 785 786 787 794 788 241 791 74 792 242 795
789 241 791 790 787 788 785 240 793 796 798 806 74 792 807 242
790 791 74 792 240 789 793 241 242 798 806 807 878 877 886 875
793 790 792 242 240 789 786 794 795 241 791 74 877 875 878 874
238 786 794 779 775 776 777 778 784 785 240 793 242 795 73 780
786 240 793 794 784 785 776 238 779 787 789 790 792 242 795 73
794 793 242 795 238 786 779 240 73 789 790 792 875 874 877 866
779 794 795 73 777 238 778 780 786 240 793 242 874 866 875 865
64 717 796 788 700 701 702 716 787 715 221 797 243 798 241 789
717 221 797 796 716 715 701 64 788 712 714 799 243 798 801 241
796 797 243 798 64 717 788 221 241 714 799 801 802 805 806 791
788 796 798 241 702 64 787 789 717 221 797 243 806 791 805 790
221 714 799 797 715 712 716 717 796 713 65 800 244 801 243 798
714 65 800 799 712 713 715 221 797 728 729 808 244 801 810 243
799 800 244 801 221 714 797 65 243 729 808 810 803 802 818 805
797 799 801 243 717 221 796 798 714 65 800 244 802 805 803 806
243 801 802 805 796 797 798 799 806 800 244 803 75 804 245 807
801 244 803 802 799 800 797 243 805 808 810 818 75 804 819 245
802 803 75 804 243 801 805 244 245 810 818 819 890 889 898 887
805 802 804 245 243 801 798 806 807 244 803 75 889 887 890 886
241 798 806 791 787 788 789 790 796 797 243 805 245 807 74 792
798 243 805 806 796 797 788 241 791 799 801 802 804 245 807 74
806 805 245 807 241 798 791 243 74 801 802 804 887 886 889 878
791 806 807 74 789 241 790 792 798 243 805 245 886 878 887 877
65 729 808 800 712 713 714 728 799 727 224 809 246 810 244 801
729 224 809 808 728 727 713 65 800 724 726 811 246 810 813 244
808 809 246 810 65 729 800 224 244 726 811 813 814 817 818 803
800 808 810 244 714 65 799 801 729 224 809 246 818 803 817 802
224 726 811 809 727 724 728 729 808 725 66 812 247 813 246 810
726 66 812 811 724 725 727 224 809 740 741 820 247 813 822 246
811 812 247 813 224 726 809 66 246 741 820 822 815 814 830 817
809 811 813 246 729 224 808 810 726 66 812 247 814 817 815 818
246 813 814 817 808 809 810 811 818 812 247 815 76 816 248 819
813 247 815 814 811 812 809 246 817 820 822 830 76 816 831 248
814 815 76 816 246 813 817 247 248 822 830 831 902 901 910 899
817 814 816 248 246 813 810 818 819 247 815 76 901 899 902 898
244 810 818 803 799 800 801 802 808 809 246 817 248 819 75 804
810 246 817 818 808 809 800 244 803 811 813 814 816 248 819 75
818 817 248 819 244 810 803 246 75 813 814 816 899 898 901 890
803 818 819 75 801 244 802 804 810 246 817 248 898 890 899 889
66 741 820 812 724 725 726 740 811 739 227 821 249 822 247 813
741 227 821 820 740 739 725 66 812 736 738 823 249 822 825 247
820 821 249 822 66 741 812 227 247 738 823 825 826 829 830 815
812 820 822 247 726 66 811 813 741 227 821 249 830 815 829 814
227 738 823 821 739 736 740 741 820 737 67 824 250 825 249 822
738 67 824 823 736 737 739 227 821 752 753 832 250 825 834 249
823 824 250 825 227 738 821 67 249 753 832 834 827 826 842 829
821 823 825 249 741 227 820 822 738 67 824 250 826 829 827 830
249 825 826 829 820 821 822 823 830 824 250 827 77 828 251 831
825 250 827 826 823 824 821 249 829 832 834 842 77 828 843 251
826 827 77 828 249 825 829 250 251 834 842 843 914 913 922 911
829 826 828 251 249 825 822 830 831 250 827 77 913 911 914 910
247 822 830 815 811 812 813 814 820 821 249 829 251 831 76 816
822 249 829 830 820 821 812 247 815 823 825 826 828 251 831 76
830 829 251 831 247 822 815 249 76 825 826 828 911 910 913 902
815 830 831 76 813 247 814 816 822 249 829 251 910 902 911 901
67 753 832 824 736 737 738 752 823 751 230 833 252 834 250 825
753 230 833 832 752 751 737 67 824 748 750 835 252 834 837 250
832 833 252 834 67 753 824 230 250 750 835 837 838 841 842 827
824 832 834 250 738 67 823 825 753 230 833 252 842 827 841 826
230 750 835 833 751 748 752 753 832 749 68 836 253 837 252 834
750 68 836 835 748 749 751 230 833 764 765 844 253 837 846 252
835 836 253 837 230 750 833 68 252 765 844 846 839 838 854 841
833 835 837 252 753 230 832 834 750 68 836 253 838 841 839 842
252 837 838 841 832 833 834 835 842 836 253 839 78 840 254 843
837 253 839 838 835 836 833 252 841 844 846 854 78 840 855 254
838 839 78 840 252 837 841 253 254 846 854 855 926 925 934 923
841 838 840 254 252 837 834 842 843 253 839 78 925 923 926 922
250 834 842 827 823 824 825 826 832 833 252 841 254 843 77 828
834 252 841 842 832 833 824 250 827 835 837 838 840 254 843 77
842 841 254 843 250 834 827 252 77 837 838 840 923 922 925 914
827 842 843 77 825 250 826 828 834 252 841 254 922 914 923 913
68 765 844 836 748 749 750 764 835 763 233 845 255 846 253 837
765 233 845 844 764 763 749 68 836 760 762 847 255 846 849 253
844 845 255 846 68 765 836 233 253 762 847 849 850 853 854 839
836 844 846 253 750 68 835 837 765 233 845 255 854 839 853 838
233 762 847 845 763 760 764 765 844 761 69 848 256 849 255 846
762 69 848 847 760 761 763 233 845 767 70 856 256 849 258 255
847 848 256 849 233 762 845 69 255 70 856 258 851 850 857 853
845 847 849 255 765 233 844 846 762 69 848 256 850 853 851 854
255 849 850 853 844 845 846 847 854 848 256 851 79 852 257 855
849 256 851 850 847 848 845 255 853 856 258 857 79 852 80 257
850 851 79 852 255 849 853 256 257 258 857 80 938 937 946 935
853 850 852 257 255 849 846 854 855 256 851 79 937 935 938 934
253 846 854 839 835 836 837 838 844 845 255 853 257 855 78 840
846 255 853 854 844 845 836 253 839 847 849 850 852 257 855 78
854 853 257 855 253 846 839 255 78 849 850 852 935 934 937 926
839 854 855 78 837 253 838 840 846 255 853 257 934 926 935 925
72 783 862 858 771 770 71 782 859 781 239 863 261 864 259 260
783 239 863 862 782 781 770 72 858 778 780 865 261 864 867 259
862 863 261 864 72 783 858 239 259 780 865 867 868 871 872 860
858 862 864 259 71 72 859 260 783 239 863 261 872 860 871 861
239 780 865 863 781 778 782 783 862 779 73 866 262 867 261 864
780 73 866 865 778 779 781 239 863 794 795 874 262 867 876 261
865 866 262 867 239 780 863 73 261 795 874 876 869 868 884 871
863 865 867 261 783 239 862 864 780 73 866 262 868 871 869 872
261 867 868 871 862 863 864 865 872 866 262 869 83 870 263 873
867 262 869 868 865 866 863 261 871 874 876 884 83 870 885 263
868 869 83 870 261 867 871 262 263 876 884 885 93 949 950 283
871 868 870 263 261 867 864 872 873 262 869 83 949 283 93 948
259 864 872 860 859 858 260 861 862 863 261 871 263 873 82 81
864 261 871 872 862 863 858 259 860 865 867 868 870 263 873 82
872 871 263 873 259 864 860 261 82 867 868 870 283 948 949 92
860 872 873 82 260 259 861 81 864 261 871 263 948 92 283 91
73 795 874 866 778 779 780 794 865 793 242 875 264 876 262 867
795 242 875 874 794 793 779 73 866 790 792 877 264 876 879 262
874 875 264 876 73 795 866 242 262 792 877 879 880 883 884 869
866 874 876 262 780 73 865 867 795 242 875 264 884 869 883 868
242 792 877 875 793 790 794 795 874 791 74 878 265 879 264 876
792 74 878 877 790 791 793 242 875 806 807 886 265 879 888 264
877 878 265 879 242 792 875 74 264 807 886 888 881 880 896 883
875 877 879 264 795 242 874 876 792 74 878 265 880 883 881 884
264 879 880 883 874 875 876 877 884 878 265 881 84 882 266 885
879 265 881 880 877 878 875 264 883 886 888 896 84 882 897 266
880 881 84 882 264 879 883 265 266 888 896 897 94 951 952 284
883 880 882 266 264 879 876 884 885 265 881 84 951 284 94 950
262 876 884 869 865 866 867 868 874 875 264 883 266 885 83 870
876 264 883 884 874 875 866 262 869 877 879 880 882 266 885 83
884 883 266 885 262 876 869 264 83 879 880 882 284 950 951 93
869 884 885 83 867 262 868 870 876 264 883 266 950 93 284 949
74 807 886 878 790 791 792 806 877 805 245 887 267 888 265 879
807 245 887 886 806 805 791 74 878 802 804 889 267 888 891 265
886 887 267 888 74 807 878 245 265 804 889 891 892 895 896 881
878 886 888 265 792 74 877 879 807 245 887 267 896 881 895 880
245 804 889 887 805 802 806 807 886 803 75 890 268 891 267 888
804 75 890 889 802 803 805 245 887 818 819 898 268 891 900 267
889 890 268 891 245 804 887 75 267 819 898 900 893 892 908 895
887 889 891 267 807 245 886 888 804 75 890 268 892 895 893 896
267 891 892 895 886 887 888 889 896 890 268 893 85 894 269 897
891 268 893 892 889 890 887 267 895 898 900 908 85 894 909 269
892 893 85 894 267 891 895 268 269 900 908 909 95 953 954 285
895 892 894 269 267 891 888 896 897 268 893 85 953 285 95 952
265 888 896 881 877 878 879 880 886 887 267 895 269 897 84 882
888 267 895 896 886 887 878 265 881 889 891 892 894 269 897 84
896 895 269 897 265 888 881 267 84 891 892 894 285 952 953 94
881 896 897 84 879 265 880 882 888 267 895 269 952 94 285 951
75 819 898 890 802 803 804 818 889 817 248 899 270 900 268 891
819 248 899 898 818 817 803 75 890 814 816 901 270 900 903 268
898 899 270 900 75 819 890 248 268 816 901 903 904 907 908 893
890 898 900 268 804 75 889 891 819 248 899 270 908 893 907 892
248 816 901 899 817 814 818 819 898 815 76 902 271 903 270 900
816 76 902 901 814 815 817 248 899 830 831 910 271 903 912 270
901 902 271 903 248 816 899 76 270 831 910 912 905 904 920 907
899 901 903 270 819 248 898 900 816 76 902 271 904 907 905 908
270 903 904 907 898 899 900 901 908 902 271 905 86 906 272 909
903 271 905 904 901 902 899 270 907 910 912 920 86 906 921 272
904 905 86 906 270 903 907 271 272 912 920 921 96 955 956 286
907 904 906 272 270 903 900 908 909 271 905 86 955 286 96 954
268 900 908 893 889 890 891 892 898 899 270 907 272 909 85 894
900 270 907 908 898 899 890 268 893 901 903 904 906 272 909 85
908 907 272 909 268 900 893 270 85 903 904 906 286 954 955 95
893 908 909 85 891 268 892 894 900 270 907 272 954 95 286 953
76 831 910 902 814 815 816 830 901 829 251 911 273 912 271 903
831 251 911 910 830 829 815 76 902 826 828 913 273 912 915 271
910 911 273 912 76 831 902 251 271 828 913 915 916 919 920 905
902 910 912 271 816 76 901 903 831 251 911 273 920 905 919 904
251 828 913 911 829 826 830 831 910 827 77 914 274 915 273 912
828 77 914 913 826 827 829 251 911 842 843 922 274 915 924 273
913 914 274 915 251 828 911 77 273 843 922 924 917 916 932 919
911 913 915 273 831 251 910 912 828 77 914 274 916 919 917 920
273 915 916 919 910 911 912 913 920 914 274 917 87 918 275 921
915 274 917 916 913 914 911 273 919 922 924 932 87 918 933 275
916 917 87 918 273 915 919 274 275 924 932 933 97 957 958 287
919 916 918 275 273 915 912 920 921 274 917 87 957 287 97 956
271 912 920 905 901 902 903 904 910 911 273 919 275 921 86 906
912 273 919 920 910 911 902 271 905 913 915 916 918 275 921 86
920 919 275 921 271 912 905 273 86 915 916 918 287 956 957 96
905 920 921 86 903 271 904 906 912 273 919 275 956 96 287 955
77 843 922 914 826 827 828 842 913 841 254 923 276 924 274 915
843 254 923 922 842 841 827 77 914 838 840 925 276 924 927 274
922 923 276 924 77 843 914 254 274 840 925 927 928 931 932 917
914 922 924 274 828 77 913 915 843 254 923 276 932 917 931 916
254 840 925 923 841 838 842 843 922 839 78 926 277 927 276 924
840 78 926 925 838 839 841 254 923 854 855 934 277 927 936 276
925 926 277 927 254 840 923 78 276 855 934 936 929 928 944 931
923 925 927 276 843 254 922 924 840 78 926 277 928 931 929 932
276 927 928 931 922 923 924 925 932 926 277 929 88 930 278 933
927 277 929 928 925 926 923 276 931 934 936 944 88 930 945 278
928 929 88 930 276 927 931 277 278 936 944 945 98 959 960 288
931 928 930 278 276 927 924 932 933 277 929 88 959 288 98 958
274 924 932 917 913 914 915 916 922 923 276 931 278 933 87 918
924 276 931 932 922 923 914 274 917 925 927 928 930 278 933 87
932 931 278 933 274 924 917 276 87 927 928 930 288 958 959 97
917 932 933 87 915 274 916 918 924 276 931 278 958 97 288 957
78 855 934 926 838 839 840 854 925 853 257 935 279 936 277 927
855 257 935 934 854 853 839 78 926 850 852 937 279 936 939 277
934 935 279 936 78 855 926 257 277 852 937 939 940 943 944 929
926 934 936 277 840 78 925 927 855 257 935 279 944 929 943 928
257 852 937 935 853 850 854 855 934 851 79 938 280 939 279 936
852 79 938 937 850 851 853 257 935 857 80 946 280 939 282 279
937 938 280 939 257 852 935 79 279 80 946 282 941 940 947 943
935 937 939 279 855 257 934 936 852 79 938 280 940 943 941 944
279 939 940 943 934 935 936 937 944 938 280 941 89 942 281 945
939 280 941 940 937 938 935 279 943 946 282 947 89 942 90 281
940 941 89 942 279 939 943 280 281 282 947 90 100 99 961 289
943 940 942 281 279 939 936 944 945 280 941 89 961 289 99 960
277 936 944 929 925 926 927 928 934 935 279 943 281 945 88 930
936 279 943 944 934 935 926 277 929 937 939 940 942 281 945 88
944 943 281 945 277 936 929 279 88 939 940 942 289 960 961 98
929 944 945 88 927 277 928 930 936 279 943 281 960 98 289 959
