49
12 13 23 22 1 2 11 3 21 4 14 24 33 32 34 31
13 14 24 23 2 3 12 4 22 5 15 25 34 33 35 32
14 15 25 24 3 4 13 5 23 6 16 26 35 34 36 33
15 16 26 25 4 5 14 6 24 7 17 27 36 35 37 34
16 17 27 26 5 6 15 7 25 8 18 28 37 36 38 35
17 18 28 27 6 7 16 8 26 9 19 29 38 37 39 36
18 19 29 28 7 8 17 9 27 10 20 30 39 38 40 37
22 23 33 32 11 12 21 13 31 14 24 34 43 42 44 41
23 24 34 33 12 13 22 14 32 15 25 35 44 43 45 42
24 25 35 34 13 14 23 15 33 16 26 36 45 44 46 43
25 26 36 35 14 15 24 16 34 17 27 37 46 45 47 44
26 27 37 36 15 16 25 17 35 18 28 38 47 46 48 45
27 28 38 37 16 17 26 18 36 19 29 39 48 47 49 46
28 29 39 38 17 18 27 19 37 20 30 40 49 48 50 47
32 33 43 42 21 22 31 23 41 24 34 44 53 52 54 51
33 34 44 43 22 23 32 24 42 25 35 45 54 53 55 52
34 35 45 44 23 24 33 25 43 26 36 46 55 54 56 53
35 36 46 45 24 25 34 26 44 27 37 47 56 55 57 54
36 37 47 46 25 26 35 27 45 28 38 48 57 56 58 55
37 38 48 47 26 27 36 28 46 29 39 49 58 57 59 56
38 39 49 48 27 28 37 29 47 30 40 50 59 58 60 57
42 43 53 52 31 32 41 33 51 34 44 54 63 62 64 61
43 44 54 53 32 33 42 34 52 35 45 55 64 63 65 62
44 45 55 54 33 34 43 35 53 36 46 56 65 64 66 63
45 46 56 55 34 35 44 36 54 37 47 57 66 65 67 64
46 47 57 56 35 36 45 37 55 38 48 58 67 66 68 65
47 48 58 57 36 37 46 38 56 39 49 59 68 67 69 66
48 49 59 58 37 38 47 39 57 40 50 60 69 68 70 67
52 53 63 62 41 42 51 43 61 44 54 64 73 72 74 71
53 54 64 63 42 43 52 44 62 45 55 65 74 73 75 72
54 55 65 64 43 44 53 45 63 46 56 66 75 74 76 73
55 56 66 65 44 45 54 46 64 47 57 67 76 75 77 74
56 57 67 66 45 46 55 47 65 48 58 68 77 76 78 75
57 58 68 67 46 47 56 48 66 49 59 69 78 77 79 76
58 59 69 68 47 48 57 49 67 50 60 70 79 78 80 77
62 63 73 72 51 52 61 53 71 54 64 74 83 82 84 81
63 64 74 73 52 53 62 54 72 55 65 75 84 83 85 82
64 65 75 74 53 54 63 55 73 56 66 76 85 84 86 83
65 66 76 75 54 55 64 56 74 57 67 77 86 85 87 84
66 67 77 76 55 56 65 57 75 58 68 78 87 86 88 85
67 68 78 77 56 57 66 58 76 59 69 79 88 87 89 86
68 69 79 78 57 58 67 59 77 60 70 80 89 88 90 87
72 73 83 82 61 62 71 63 81 64 74 84 93 92 94 91
73 74 84 83 62 63 72 64 82 65 75 85 94 93 95 92
74 75 85 84 63 64 73 65 83 66 76 86 95 94 96 93
75 76 86 85 64 65 74 66 84 67 77 87 96 95 97 94
76 77 87 86 65 66 75 67 85 68 78 88 97 96 98 95
77 78 88 87 66 67 76 68 86 69 79 89 98 97 99 96
78 79 89 88 67 68 77 69 87 70 80 90 99 98 100 97