49
0 16 0
11 12 22 21 0 1 10 2 20 3 13 23 32 31 33 30
0  0  0  0  0  1  0.5  0.25  0  0.5  0.25  0.125  0  0.25  0.125  0.0625 
0  0  0  0  0  0  0.5  0.583333  0  0  0.25  0.291667  0  0  0.125  0.145833 
0  0  0  0  0  0  0  0  0  0  0.25  0.291667  0  0  0.291667  0.340278 
0  0  0  0  0  0  0  0  0  0.5  0.25  0.125  0  0.583333  0.291667  0.145833 
1  0  0  0  0  0  0  0  0  0  0  0  0  0  0  0 
0  1  0.5  0.25  0  0  0  0  0  0  0  0  0  0  0  0 
0  0  0  0  1  0  0  0  0.5  0  0  0  0.25  0  0  0 
0  0  0.5  0.583333  0  0  0  0  0  0  0  0  0  0  0  0 
0  0  0  0  0  0  0  0  0.5  0  0  0  0.583333  0  0  0 
0  0  0  0.166667  0  0  0  0  0  0  0  0  0  0  0  0 
0  0  0  0  0  0  0  0.166667  0  0  0  0.0833333  0  0  0  0.0416667 
0  0  0  0  0  0  0  0  0  0  0  0.0833333  0  0  0  0.0972222 
0  0  0  0  0  0  0  0  0  0  0  0  0  0  0.0833333  0.0972222 
0  0  0  0  0  0  0  0  0  0  0  0  0  0.166667  0.0833333  0.0416667 
0  0  0  0  0  0  0  0  0  0  0  0  0  0  0  0.0277778 
0  0  0  0  0  0  0  0  0  0  0  0  0.166667  0  0  0 
1 16 0
12 13 23 22 1 2 11 3 21 4 14 24 33 32 34 31
0  0  0  0  0.583333  0.666667  0.333333  0.166667  0.291667  0.333333  0.166667  0.0833333  0.145833  0.166667  0.0833333  0.0416667 
0  0  0  0  0.166667  0.333333  0.666667  0.666667  0.0833333  0.166667  0.333333  0.333333  0.0416667  0.0833333  0.166667  0.166667 
0  0  0  0  0  0  0  0  0.0833333  0.166667  0.333333  0.333333  0.0972222  0.194444  0.388889  0.388889 
0  0  0  0  0  0  0  0  0.291667  0.333333  0.166667  0.0833333  0.340278  0.388889  0.194444  0.0972222 
0.25  0  0  0  0  0  0  0  0  0  0  0  0  0  0  0 
0.583333  0.666667  0.333333  0.166667  0  0  0  0  0  0  0  0  0  0  0  0 
0  0  0  0  0.25  0  0  0  0.125  0  0  0  0.0625  0  0  0 
0.166667  0.333333  0.666667  0.666667  0  0  0  0  0  0  0  0  0  0  0  0 
0  0  0  0  0  0  0  0  0.125  0  0  0  0.145833  0  0  0 
0  0  0  0.166667  0  0  0  0  0  0  0  0  0  0  0  0 
0  0  0  0  0  0  0  0.166667  0  0  0  0.0833333  0  0  0  0.0416667 
0  0  0  0  0  0  0  0  0  0  0  0.0833333  0  0  0  0.0972222 
0  0  0  0  0  0  0  0  0  0  0  0  0.0277778  0.0555556  0.111111  0.111111 
0  0  0  0  0  0  0  0  0  0  0  0  0.0972222  0.111111  0.0555556  0.0277778 
0  0  0  0  0  0  0  0  0  0  0  0  0  0  0  0.0277778 
0  0  0  0  0  0  0  0  0  0  0  0  0.0416667  0  0  0 
2 16 0
13 14 24 23 2 3 12 4 22 5 15 25 34 33 35 32
0  0  0  0  0.666667  0.666667  0.333333  0.166667  0.333333  0.333333  0.166667  0.0833333  0.166667  0.166667  0.0833333  0.0416667 
0  0  0  0  0.166667  0.333333  0.666667  0.666667  0.0833333  0.166667  0.333333  0.333333  0.0416667  0.0833333  0.166667  0.166667 
0  0  0  0  0  0  0  0  0.0833333  0.166667  0.333333  0.333333  0.0972222  0.194444  0.388889  0.388889 
0  0  0  0  0  0  0  0  0.333333  0.333333  0.166667  0.0833333  0.388889  0.388889  0.194444  0.0972222 
0.166667  0  0  0  0  0  0  0  0  0  0  0  0  0  0  0 
0.666667  0.666667  0.333333  0.166667  0  0  0  0  0  0  0  0  0  0  0  0 
0  0  0  0  0.166667  0  0  0  0.0833333  0  0  0  0.0416667  0  0  0 
0.166667  0.333333  0.666667  0.666667  0  0  0  0  0  0  0  0  0  0  0  0 
0  0  0  0  0  0  0  0  0.0833333  0  0  0  0.0972222  0  0  0 
0  0  0  0.166667  0  0  0  0  0  0  0  0  0  0  0  0 
0  0  0  0  0  0  0  0.166667  0  0  0  0.0833333  0  0  0  0.0416667 
0  0  0  0  0  0  0  0  0  0  0  0.0833333  0  0  0  0.0972222 
0  0  0  0  0  0  0  0  0  0  0  0  0.0277778  0.0555556  0.111111  0.111111 
0  0  0  0  0  0  0  0  0  0  0  0  0.111111  0.111111  0.0555556  0.0277778 
0  0  0  0  0  0  0  0  0  0  0  0  0  0  0  0.0277778 
0  0  0  0  0  0  0  0  0  0  0  0  0.0277778  0  0  0 
3 16 0
14 15 25 24 3 4 13 5 23 6 16 26 35 34 36 33
0  0  0  0  0.666667  0.666667  0.333333  0.166667  0.333333  0.333333  0.166667  0.0833333  0.166667  0.166667  0.0833333  0.0416667 
0  0  0  0  0.166667  0.333333  0.666667  0.666667  0.0833333  0.166667  0.333333  0.333333  0.0416667  0.0833333  0.166667  0.166667 
0  0  0  0  0  0  0  0  0.0833333  0.166667  0.333333  0.333333  0.0972222  0.194444  0.388889  0.388889 
0  0  0  0  0  0  0  0  0.333333  0.333333  0.166667  0.0833333  0.388889  0.388889  0.194444  0.0972222 
0.166667  0  0  0  0  0  0  0  0  0  0  0  0  0  0  0 
0.666667  0.666667  0.333333  0.166667  0  0  0  0  0  0  0  0  0  0  0  0 
0  0  0  0  0.166667  0  0  0  0.0833333  0  0  0  0.0416667  0  0  0 
0.166667  0.333333  0.666667  0.666667  0  0  0  0  0  0  0  0  0  0  0  0 
0  0  0  0  0  0  0  0  0.0833333  0  0  0  0.0972222  0  0  0 
0  0  0  0.166667  0  0  0  0  0  0  0  0  0  0  0  0 
0  0  0  0  0  0  0  0.166667  0  0  0  0.0833333  0  0  0  0.0416667 
0  0  0  0  0  0  0  0  0  0  0  0.0833333  0  0  0  0.0972222 
0  0  0  0  0  0  0  0  0  0  0  0  0.0277778  0.0555556  0.111111  0.111111 
0  0  0  0  0  0  0  0  0  0  0  0  0.111111  0.111111  0.0555556  0.0277778 
0  0  0  0  0  0  0  0  0  0  0  0  0  0  0  0.0277778 
0  0  0  0  0  0  0  0  0  0  0  0  0.0277778  0  0  0 
4 16 0
15 16 26 25 4 5 14 6 24 7 17 27 36 35 37 34
0  0  0  0  0.666667  0.666667  0.333333  0.166667  0.333333  0.333333  0.166667  0.0833333  0.166667  0.166667  0.0833333  0.0416667 
0  0  0  0  0.166667  0.333333  0.666667  0.666667  0.0833333  0.166667  0.333333  0.333333  0.0416667  0.0833333  0.166667  0.166667 
0  0  0  0  0  0  0  0  0.0833333  0.166667  0.333333  0.333333  0.0972222  0.194444  0.388889  0.388889 
0  0  0  0  0  0  0  0  0.333333  0.333333  0.166667  0.0833333  0.388889  0.388889  0.194444  0.0972222 
0.166667  0  0  0  0  0  0  0  0  0  0  0  0  0  0  0 
0.666667  0.666667  0.333333  0.166667  0  0  0  0  0  0  0  0  0  0  0  0 
0  0  0  0  0.166667  0  0  0  0.0833333  0  0  0  0.0416667  0  0  0 
0.166667  0.333333  0.666667  0.666667  0  0  0  0  0  0  0  0  0  0  0  0 
0  0  0  0  0  0  0  0  0.0833333  0  0  0  0.0972222  0  0  0 
0  0  0  0.166667  0  0  0  0  0  0  0  0  0  0  0  0 
0  0  0  0  0  0  0  0.166667  0  0  0  0.0833333  0  0  0  0.0416667 
0  0  0  0  0  0  0  0  0  0  0  0.0833333  0  0  0  0.0972222 
0  0  0  0  0  0  0  0  0  0  0  0  0.0277778  0.0555556  0.111111  0.111111 
0  0  0  0  0  0  0  0  0  0  0  0  0.111111  0.111111  0.0555556  0.0277778 
0  0  0  0  0  0  0  0  0  0  0  0  0  0  0  0.0277778 
0  0  0  0  0  0  0  0  0  0  0  0  0.0277778  0  0  0 
5 16 0
16 17 27 26 5 6 15 7 25 8 18 28 37 36 38 35
0  0  0  0  0.666667  0.666667  0.333333  0.166667  0.333333  0.333333  0.166667  0.0833333  0.166667  0.166667  0.0833333  0.0416667 
0  0  0  0  0.166667  0.333333  0.666667  0.583333  0.0833333  0.166667  0.333333  0.291667  0.0416667  0.0833333  0.166667  0.145833 
0  0  0  0  0  0  0  0  0.0833333  0.166667  0.333333  0.291667  0.0972222  0.194444  0.388889  0.340278 
0  0  0  0  0  0  0  0  0.333333  0.333333  0.166667  0.0833333  0.388889  0.388889  0.194444  0.0972222 
0.166667  0  0  0  0  0  0  0  0  0  0  0  0  0  0  0 
0.666667  0.666667  0.333333  0.166667  0  0  0  0  0  0  0  0  0  0  0  0 
0  0  0  0  0.166667  0  0  0  0.0833333  0  0  0  0.0416667  0  0  0 
0.166667  0.333333  0.666667  0.583333  0  0  0  0  0  0  0  0  0  0  0  0 
0  0  0  0  0  0  0  0  0.0833333  0  0  0  0.0972222  0  0  0 
0  0  0  0.25  0  0  0  0  0  0  0  0  0  0  0  0 
0  0  0  0  0  0  0  0.25  0  0  0  0.125  0  0  0  0.0625 
0  0  0  0  0  0  0  0  0  0  0  0.125  0  0  0  0.145833 
0  0  0  0  0  0  0  0  0  0  0  0  0.0277778  0.0555556  0.111111  0.0972222 
0  0  0  0  0  0  0  0  0  0  0  0  0.111111  0.111111  0.0555556  0.0277778 
0  0  0  0  0  0  0  0  0  0  0  0  0  0  0  0.0416667 
0  0  0  0  0  0  0  0  0  0  0  0  0.0277778  0  0  0 
6 16 0
17 18 28 27 6 7 16 8 26 9 19 29 38 37 39 36
0  0  0  0  0.583333  0.5  0  0  0.291667  0.25  0  0  0.145833  0.125  0  0 
0  0  0  0  0.25  0.5  1  0  0.125  0.25  0.5  0  0.0625  0.125  0.25  0 
0  0  0  0  0  0  0  0  0.125  0.25  0.5  0  0.145833  0.291667  0.583333  0 
0  0  0  0  0  0  0  0  0.291667  0.25  0  0  0.340278  0.291667  0  0 
0.166667  0  0  0  0  0  0  0  0  0  0  0  0  0  0  0 
0.583333  0.5  0  0  0  0  0  0  0  0  0  0  0  0  0  0 
0  0  0  0  0.166667  0  0  0  0.0833333  0  0  0  0.0416667  0  0  0 
0.25  0.5  1  0  0  0  0  0  0  0  0  0  0  0  0  0 
0  0  0  0  0  0  0  0  0.0833333  0  0  0  0.0972222  0  0  0 
0  0  0  1  0  0  0  0  0  0  0  0  0  0  0  0 
0  0  0  0  0  0  0  1  0  0  0  0.5  0  0  0  0.25 
0  0  0  0  0  0  0  0  0  0  0  0.5  0  0  0  0.583333 
0  0  0  0  0  0  0  0  0  0  0  0  0.0416667  0.0833333  0.166667  0 
0  0  0  0  0  0  0  0  0  0  0  0  0.0972222  0.0833333  0  0 
0  0  0  0  0  0  0  0  0  0  0  0  0  0  0  0.166667 
0  0  0  0  0  0  0  0  0  0  0  0  0.0277778  0  0  0 
7 16 0
21 22 32 31 10 11 20 12 30 13 23 33 42 41 43 40
0  0.583333  0.291667  0.145833  0  0.666667  0.333333  0.166667  0  0.333333  0.166667  0.0833333  0  0.166667  0.0833333  0.0416667 
0  0  0.291667  0.340278  0  0  0.333333  0.388889  0  0  0.166667  0.194444  0  0  0.0833333  0.0972222 
0  0  0.0833333  0.0972222  0  0  0.166667  0.194444  0  0  0.333333  0.388889  0  0  0.333333  0.388889 
0  0.166667  0.0833333  0.0416667  0  0.333333  0.166667  0.0833333  0  0.666667  0.333333  0.166667  0  0.666667  0.333333  0.166667 
0.25  0  0  0  0  0  0  0  0  0  0  0  0  0  0  0 
0  0.25  0.125  0.0625  0  0  0  0  0  0  0  0  0  0  0  0 
0.583333  0  0  0  0.666667  0  0  0  0.333333  0  0  0  0.166667  0  0  0 
0  0  0.125  0.145833  0  0  0  0  0  0  0  0  0  0  0  0 
0.166667  0  0  0  0.333333  0  0  0  0.666667  0  0  0  0.666667  0  0  0 
0  0  0  0.0416667  0  0  0  0  0  0  0  0  0  0  0  0 
0  0  0  0.0972222  0  0  0  0.111111  0  0  0  0.0555556  0  0  0  0.0277778 
0  0  0  0.0277778  0  0  0  0.0555556  0  0  0  0.111111  0  0  0  0.111111 
0  0  0  0  0  0  0  0  0  0  0  0  0  0  0.0833333  0.0972222 
0  0  0  0  0  0  0  0  0  0  0  0  0  0.166667  0.0833333  0.0416667 
0  0  0  0  0  0  0  0  0  0  0  0  0  0  0  0.0277778 
0  0  0  0  0  0  0  0  0  0  0  0  0.166667  0  0  0 
8 16 0
22 23 33 32 11 12 21 13 31 14 24 34 43 42 44 41
0.340278  0.388889  0.194444  0.0972222  0.388889  0.444444  0.222222  0.111111  0.194444  0.222222  0.111111  0.0555556  0.0972222  0.111111  0.0555556  0.0277778 
0.0972222  0.194444  0.388889  0.388889  0.111111  0.222222  0.444444  0.444444  0.0555556  0.111111  0.222222  0.222222  0.0277778  0.0555556  0.111111  0.111111 
0.0277778  0.0555556  0.111111  0.111111  0.0555556  0.111111  0.222222  0.222222  0.111111  0.222222  0.444444  0.444444  0.111111  0.222222  0.444444  0.444444 
0.0972222  0.111111  0.0555556  0.0277778  0.194444  0.222222  0.111111  0.0555556  0.388889  0.444444  0.222222  0.111111  0.388889  0.444444  0.222222  0.111111 
0.0625  0  0  0  0  0  0  0  0  0  0  0  0  0  0  0 
0.145833  0.166667  0.0833333  0.0416667  0  0  0  0  0  0  0  0  0  0  0  0 
0.145833  0  0  0  0.166667  0  0  0  0.0833333  0  0  0  0.0416667  0  0  0 
0.0416667  0.0833333  0.166667  0.166667  0  0  0  0  0  0  0  0  0  0  0  0 
0.0416667  0  0  0  0.0833333  0  0  0  0.166667  0  0  0  0.166667  0  0  0 
0  0  0  0.0416667  0  0  0  0  0  0  0  0  0  0  0  0 
0  0  0  0.0972222  0  0  0  0.111111  0  0  0  0.0555556  0  0  0  0.0277778 
0  0  0  0.0277778  0  0  0  0.0555556  0  0  0  0.111111  0  0  0  0.111111 
0  0  0  0  0  0  0  0  0  0  0  0  0.0277778  0.0555556  0.111111  0.111111 
0  0  0  0  0  0  0  0  0  0  0  0  0.0972222  0.111111  0.0555556  0.0277778 
0  0  0  0  0  0  0  0  0  0  0  0  0  0  0  0.0277778 
0  0  0  0  0  0  0  0  0  0  0  0  0.0416667  0  0  0 
9 16 0
23 24 34 33 12 13 22 14 32 15 25 35 44 43 45 42
0.388889  0.388889  0.194444  0.0972222  0.444444  0.444444  0.222222  0.111111  0.222222  0.222222  0.111111  0.0555556  0.111111  0.111111  0.0555556  0.0277778 
0.0972222  0.194444  0.388889  0.388889  0.111111  0.222222  0.444444  0.444444  0.0555556  0.111111  0.222222  0.222222  0.0277778  0.0555556  0.111111  0.111111 
0.0277778  0.0555556  0.111111  0.111111  0.0555556  0.111111  0.222222  0.222222  0.111111  0.222222  0.444444  0.444444  0.111111  0.222222  0.444444  0.444444 
0.111111  0.111111  0.0555556  0.0277778  0.222222  0.222222  0.111111  0.0555556  0.444444  0.444444  0.222222  0.111111  0.444444  0.444444  0.222222  0.111111 
0.0416667  0  0  0  0  0  0  0  0  0  0  0  0  0  0  0 
0.166667  0.166667  0.0833333  0.0416667  0  0  0  0  0  0  0  0  0  0  0  0 
0.0972222  0  0  0  0.111111  0  0  0  0.0555556  0  0  0  0.0277778  0  0  0 
0.0416667  0.0833333  0.166667  0.166667  0  0  0  0  0  0  0  0  0  0  0  0 
0.0277778  0  0  0  0.0555556  0  0  0  0.111111  0  0  0  0.111111  0  0  0 
0  0  0  0.0416667  0  0  0  0  0  0  0  0  0  0  0  0 
0  0  0  0.0972222  0  0  0  0.111111  0  0  0  0.0555556  0  0  0  0.0277778 
0  0  0  0.0277778  0  0  0  0.0555556  0  0  0  0.111111  0  0  0  0.111111 
0  0  0  0  0  0  0  0  0  0  0  0  0.0277778  0.0555556  0.111111  0.111111 
0  0  0  0  0  0  0  0  0  0  0  0  0.111111  0.111111  0.0555556  0.0277778 
0  0  0  0  0  0  0  0  0  0  0  0  0  0  0  0.0277778 
0  0  0  0  0  0  0  0  0  0  0  0  0.0277778  0  0  0 
10 16 0
24 25 35 34 13 14 23 15 33 16 26 36 45 44 46 43
0.388889  0.388889  0.194444  0.0972222  0.444444  0.444444  0.222222  0.111111  0.222222  0.222222  0.111111  0.0555556  0.111111  0.111111  0.0555556  0.0277778 
0.0972222  0.194444  0.388889  0.388889  0.111111  0.222222  0.444444  0.444444  0.0555556  0.111111  0.222222  0.222222  0.0277778  0.0555556  0.111111  0.111111 
0.0277778  0.0555556  0.111111  0.111111  0.0555556  0.111111  0.222222  0.222222  0.111111  0.222222  0.444444  0.444444  0.111111  0.222222  0.444444  0.444444 
0.111111  0.111111  0.0555556  0.0277778  0.222222  0.222222  0.111111  0.0555556  0.444444  0.444444  0.222222  0.111111  0.444444  0.444444  0.222222  0.111111 
0.0416667  0  0  0  0  0  0  0  0  0  0  0  0  0  0  0 
0.166667  0.166667  0.0833333  0.0416667  0  0  0  0  0  0  0  0  0  0  0  0 
0.0972222  0  0  0  0.111111  0  0  0  0.0555556  0  0  0  0.0277778  0  0  0 
0.0416667  0.0833333  0.166667  0.166667  0  0  0  0  0  0  0  0  0  0  0  0 
0.0277778  0  0  0  0.0555556  0  0  0  0.111111  0  0  0  0.111111  0  0  0 
0  0  0  0.0416667  0  0  0  0  0  0  0  0  0  0  0  0 
0  0  0  0.0972222  0  0  0  0.111111  0  0  0  0.0555556  0  0  0  0.0277778 
0  0  0  0.0277778  0  0  0  0.0555556  0  0  0  0.111111  0  0  0  0.111111 
0  0  0  0  0  0  0  0  0  0  0  0  0.0277778  0.0555556  0.111111  0.111111 
0  0  0  0  0  0  0  0  0  0  0  0  0.111111  0.111111  0.0555556  0.0277778 
0  0  0  0  0  0  0  0  0  0  0  0  0  0  0  0.0277778 
0  0  0  0  0  0  0  0  0  0  0  0  0.0277778  0  0  0 
11 16 0
25 26 36 35 14 15 24 16 34 17 27 37 46 45 47 44
0.388889  0.388889  0.194444  0.0972222  0.444444  0.444444  0.222222  0.111111  0.222222  0.222222  0.111111  0.0555556  0.111111  0.111111  0.0555556  0.0277778 
0.0972222  0.194444  0.388889  0.388889  0.111111  0.222222  0.444444  0.444444  0.0555556  0.111111  0.222222  0.222222  0.0277778  0.0555556  0.111111  0.111111 
0.0277778  0.0555556  0.111111  0.111111  0.0555556  0.111111  0.222222  0.222222  0.111111  0.222222  0.444444  0.444444  0.111111  0.222222  0.444444  0.444444 
0.111111  0.111111  0.0555556  0.0277778  0.222222  0.222222  0.111111  0.0555556  0.444444  0.444444  0.222222  0.111111  0.444444  0.444444  0.222222  0.111111 
0.0416667  0  0  0  0  0  0  0  0  0  0  0  0  0  0  0 
0.166667  0.166667  0.0833333  0.0416667  0  0  0  0  0  0  0  0  0  0  0  0 
0.0972222  0  0  0  0.111111  0  0  0  0.0555556  0  0  0  0.0277778  0  0  0 
0.0416667  0.0833333  0.166667  0.166667  0  0  0  0  0  0  0  0  0  0  0  0 
0.0277778  0  0  0  0.0555556  0  0  0  0.111111  0  0  0  0.111111  0  0  0 
0  0  0  0.0416667  0  0  0  0  0  0  0  0  0  0  0  0 
0  0  0  0.0972222  0  0  0  0.111111  0  0  0  0.0555556  0  0  0  0.0277778 
0  0  0  0.0277778  0  0  0  0.0555556  0  0  0  0.111111  0  0  0  0.111111 
0  0  0  0  0  0  0  0  0  0  0  0  0.0277778  0.0555556  0.111111  0.111111 
0  0  0  0  0  0  0  0  0  0  0  0  0.111111  0.111111  0.0555556  0.0277778 
0  0  0  0  0  0  0  0  0  0  0  0  0  0  0  0.0277778 
0  0  0  0  0  0  0  0  0  0  0  0  0.0277778  0  0  0 
12 16 0
26 27 37 36 15 16 25 17 35 18 28 38 47 46 48 45
0.388889  0.388889  0.194444  0.0972222  0.444444  0.444444  0.222222  0.111111  0.222222  0.222222  0.111111  0.0555556  0.111111  0.111111  0.0555556  0.0277778 
0.0972222  0.194444  0.388889  0.340278  0.111111  0.222222  0.444444  0.388889  0.0555556  0.111111  0.222222  0.194444  0.0277778  0.0555556  0.111111  0.0972222 
0.0277778  0.0555556  0.111111  0.0972222  0.0555556  0.111111  0.222222  0.194444  0.111111  0.222222  0.444444  0.388889  0.111111  0.222222  0.444444  0.388889 
0.111111  0.111111  0.0555556  0.0277778  0.222222  0.222222  0.111111  0.0555556  0.444444  0.444444  0.222222  0.111111  0.444444  0.444444  0.222222  0.111111 
0.0416667  0  0  0  0  0  0  0  0  0  0  0  0  0  0  0 
0.166667  0.166667  0.0833333  0.0416667  0  0  0  0  0  0  0  0  0  0  0  0 
0.0972222  0  0  0  0.111111  0  0  0  0.0555556  0  0  0  0.0277778  0  0  0 
0.0416667  0.0833333  0.166667  0.145833  0  0  0  0  0  0  0  0  0  0  0  0 
0.0277778  0  0  0  0.0555556  0  0  0  0.111111  0  0  0  0.111111  0  0  0 
0  0  0  0.0625  0  0  0  0  0  0  0  0  0  0  0  0 
0  0  0  0.145833  0  0  0  0.166667  0  0  0  0.0833333  0  0  0  0.0416667 
0  0  0  0.0416667  0  0  0  0.0833333  0  0  0  0.166667  0  0  0  0.166667 
0  0  0  0  0  0  0  0  0  0  0  0  0.0277778  0.0555556  0.111111  0.0972222 
0  0  0  0  0  0  0  0  0  0  0  0  0.111111  0.111111  0.0555556  0.0277778 
0  0  0  0  0  0  0  0  0  0  0  0  0  0  0  0.0416667 
0  0  0  0  0  0  0  0  0  0  0  0  0.0277778  0  0  0 
13 16 0
27 28 38 37 16 17 26 18 36 19 29 39 48 47 49 46
0.340278  0.291667  0  0  0.388889  0.333333  0  0  0.194444  0.166667  0  0  0.0972222  0.0833333  0  0 
0.145833  0.291667  0.583333  0  0.166667  0.333333  0.666667  0  0.0833333  0.166667  0.333333  0  0.0416667  0.0833333  0.166667  0 
0.0416667  0.0833333  0.166667  0  0.0833333  0.166667  0.333333  0  0.166667  0.333333  0.666667  0  0.166667  0.333333  0.666667  0 
0.0972222  0.0833333  0  0  0.194444  0.166667  0  0  0.388889  0.333333  0  0  0.388889  0.333333  0  0 
0.0416667  0  0  0  0  0  0  0  0  0  0  0  0  0  0  0 
0.145833  0.125  0  0  0  0  0  0  0  0  0  0  0  0  0  0 
0.0972222  0  0  0  0.111111  0  0  0  0.0555556  0  0  0  0.0277778  0  0  0 
0.0625  0.125  0.25  0  0  0  0  0  0  0  0  0  0  0  0  0 
0.0277778  0  0  0  0.0555556  0  0  0  0.111111  0  0  0  0.111111  0  0  0 
0  0  0  0.25  0  0  0  0  0  0  0  0  0  0  0  0 
0  0  0  0.583333  0  0  0  0.666667  0  0  0  0.333333  0  0  0  0.166667 
0  0  0  0.166667  0  0  0  0.333333  0  0  0  0.666667  0  0  0  0.666667 
0  0  0  0  0  0  0  0  0  0  0  0  0.0416667  0.0833333  0.166667  0 
0  0  0  0  0  0  0  0  0  0  0  0  0.0972222  0.0833333  0  0 
0  0  0  0  0  0  0  0  0  0  0  0  0  0  0  0.166667 
0  0  0  0  0  0  0  0  0  0  0  0  0.0277778  0  0  0 
14 16 0
31 32 42 41 20 21 30 22 40 23 33 43 52 51 53 50
0  0.666667  0.333333  0.166667  0  0.666667  0.333333  0.166667  0  0.333333  0.166667  0.0833333  0  0.166667  0.0833333  0.0416667 
0  0  0.333333  0.388889  0  0  0.333333  0.388889  0  0  0.166667  0.194444  0  0  0.0833333  0.0972222 
0  0  0.0833333  0.0972222  0  0  0.166667  0.194444  0  0  0.333333  0.388889  0  0  0.333333  0.388889 
0  0.166667  0.0833333  0.0416667  0  0.333333  0.166667  0.0833333  0  0.666667  0.333333  0.166667  0  0.666667  0.333333  0.166667 
0.166667  0  0  0  0  0  0  0  0  0  0  0  0  0  0  0 
0  0.166667  0.0833333  0.0416667  0  0  0  0  0  0  0  0  0  0  0  0 
0.666667  0  0  0  0.666667  0  0  0  0.333333  0  0  0  0.166667  0  0  0 
0  0  0.0833333  0.0972222  0  0  0  0  0  0  0  0  0  0  0  0 
0.166667  0  0  0  0.333333  0  0  0  0.666667  0  0  0  0.666667  0  0  0 
0  0  0  0.0277778  0  0  0  0  0  0  0  0  0  0  0  0 
0  0  0  0.111111  0  0  0  0.111111  0  0  0  0.0555556  0  0  0  0.0277778 
0  0  0  0.0277778  0  0  0  0.0555556  0  0  0  0.111111  0  0  0  0.111111 
0  0  0  0  0  0  0  0  0  0  0  0  0  0  0.0833333  0.0972222 
0  0  0  0  0  0  0  0  0  0  0  0  0  0.166667  0.0833333  0.0416667 
0  0  0  0  0  0  0  0  0  0  0  0  0  0  0  0.0277778 
0  0  0  0  0  0  0  0  0  0  0  0  0.166667  0  0  0 
15 16 0
32 33 43 42 21 22 31 23 41 24 34 44 53 52 54 51
0.388889  0.444444  0.222222  0.111111  0.388889  0.444444  0.222222  0.111111  0.194444  0.222222  0.111111  0.0555556  0.0972222  0.111111  0.0555556  0.0277778 
0.111111  0.222222  0.444444  0.444444  0.111111  0.222222  0.444444  0.444444  0.0555556  0.111111  0.222222  0.222222  0.0277778  0.0555556  0.111111  0.111111 
0.0277778  0.0555556  0.111111  0.111111  0.0555556  0.111111  0.222222  0.222222  0.111111  0.222222  0.444444  0.444444  0.111111  0.222222  0.444444  0.444444 
0.0972222  0.111111  0.0555556  0.0277778  0.194444  0.222222  0.111111  0.0555556  0.388889  0.444444  0.222222  0.111111  0.388889  0.444444  0.222222  0.111111 
0.0416667  0  0  0  0  0  0  0  0  0  0  0  0  0  0  0 
0.0972222  0.111111  0.0555556  0.0277778  0  0  0  0  0  0  0  0  0  0  0  0 
0.166667  0  0  0  0.166667  0  0  0  0.0833333  0  0  0  0.0416667  0  0  0 
0.0277778  0.0555556  0.111111  0.111111  0  0  0  0  0  0  0  0  0  0  0  0 
0.0416667  0  0  0  0.0833333  0  0  0  0.166667  0  0  0  0.166667  0  0  0 
0  0  0  0.0277778  0  0  0  0  0  0  0  0  0  0  0  0 
0  0  0  0.111111  0  0  0  0.111111  0  0  0  0.0555556  0  0  0  0.0277778 
0  0  0  0.0277778  0  0  0  0.0555556  0  0  0  0.111111  0  0  0  0.111111 
0  0  0  0  0  0  0  0  0  0  0  0  0.0277778  0.0555556  0.111111  0.111111 
0  0  0  0  0  0  0  0  0  0  0  0  0.0972222  0.111111  0.0555556  0.0277778 
0  0  0  0  0  0  0  0  0  0  0  0  0  0  0  0.0277778 
0  0  0  0  0  0  0  0  0  0  0  0  0.0416667  0  0  0 
16 16 0
33 34 44 43 22 23 32 24 42 25 35 45 54 53 55 52
0.444444  0.444444  0.222222  0.111111  0.444444  0.444444  0.222222  0.111111  0.222222  0.222222  0.111111  0.0555556  0.111111  0.111111  0.0555556  0.0277778 
0.111111  0.222222  0.444444  0.444444  0.111111  0.222222  0.444444  0.444444  0.0555556  0.111111  0.222222  0.222222  0.0277778  0.0555556  0.111111  0.111111 
0.0277778  0.0555556  0.111111  0.111111  0.0555556  0.111111  0.222222  0.222222  0.111111  0.222222  0.444444  0.444444  0.111111  0.222222  0.444444  0.444444 
0.111111  0.111111  0.0555556  0.0277778  0.222222  0.222222  0.111111  0.0555556  0.444444  0.444444  0.222222  0.111111  0.444444  0.444444  0.222222  0.111111 
0.0277778  0  0  0  0  0  0  0  0  0  0  0  0  0  0  0 
0.111111  0.111111  0.0555556  0.0277778  0  0  0  0  0  0  0  0  0  0  0  0 
0.111111  0  0  0  0.111111  0  0  0  0.0555556  0  0  0  0.0277778  0  0  0 
0.0277778  0.0555556  0.111111  0.111111  0  0  0  0  0  0  0  0  0  0  0  0 
0.0277778  0  0  0  0.0555556  0  0  0  0.111111  0  0  0  0.111111  0  0  0 
0  0  0  0.0277778  0  0  0  0  0  0  0  0  0  0  0  0 
0  0  0  0.111111  0  0  0  0.111111  0  0  0  0.0555556  0  0  0  0.0277778 
0  0  0  0.0277778  0  0  0  0.0555556  0  0  0  0.111111  0  0  0  0.111111 
0  0  0  0  0  0  0  0  0  0  0  0  0.0277778  0.0555556  0.111111  0.111111 
0  0  0  0  0  0  0  0  0  0  0  0  0.111111  0.111111  0.0555556  0.0277778 
0  0  0  0  0  0  0  0  0  0  0  0  0  0  0  0.0277778 
0  0  0  0  0  0  0  0  0  0  0  0  0.0277778  0  0  0 
17 16 0
34 35 45 44 23 24 33 25 43 26 36 46 55 54 56 53
0.444444  0.444444  0.222222  0.111111  0.444444  0.444444  0.222222  0.111111  0.222222  0.222222  0.111111  0.0555556  0.111111  0.111111  0.0555556  0.0277778 
0.111111  0.222222  0.444444  0.444444  0.111111  0.222222  0.444444  0.444444  0.0555556  0.111111  0.222222  0.222222  0.0277778  0.0555556  0.111111  0.111111 
0.0277778  0.0555556  0.111111  0.111111  0.0555556  0.111111  0.222222  0.222222  0.111111  0.222222  0.444444  0.444444  0.111111  0.222222  0.444444  0.444444 
0.111111  0.111111  0.0555556  0.0277778  0.222222  0.222222  0.111111  0.0555556  0.444444  0.444444  0.222222  0.111111  0.444444  0.444444  0.222222  0.111111 
0.0277778  0  0  0  0  0  0  0  0  0  0  0  0  0  0  0 
0.111111  0.111111  0.0555556  0.0277778  0  0  0  0  0  0  0  0  0  0  0  0 
0.111111  0  0  0  0.111111  0  0  0  0.0555556  0  0  0  0.0277778  0  0  0 
0.0277778  0.0555556  0.111111  0.111111  0  0  0  0  0  0  0  0  0  0  0  0 
0.0277778  0  0  0  0.0555556  0  0  0  0.111111  0  0  0  0.111111  0  0  0 
0  0  0  0.0277778  0  0  0  0  0  0  0  0  0  0  0  0 
0  0  0  0.111111  0  0  0  0.111111  0  0  0  0.0555556  0  0  0  0.0277778 
0  0  0  0.0277778  0  0  0  0.0555556  0  0  0  0.111111  0  0  0  0.111111 
0  0  0  0  0  0  0  0  0  0  0  0  0.0277778  0.0555556  0.111111  0.111111 
0  0  0  0  0  0  0  0  0  0  0  0  0.111111  0.111111  0.0555556  0.0277778 
0  0  0  0  0  0  0  0  0  0  0  0  0  0  0  0.0277778 
0  0  0  0  0  0  0  0  0  0  0  0  0.0277778  0  0  0 
18 16 0
35 36 46 45 24 25 34 26 44 27 37 47 56 55 57 54
0.444444  0.444444  0.222222  0.111111  0.444444  0.444444  0.222222  0.111111  0.222222  0.222222  0.111111  0.0555556  0.111111  0.111111  0.0555556  0.0277778 
0.111111  0.222222  0.444444  0.444444  0.111111  0.222222  0.444444  0.444444  0.0555556  0.111111  0.222222  0.222222  0.0277778  0.0555556  0.111111  0.111111 
0.0277778  0.0555556  0.111111  0.111111  0.0555556  0.111111  0.222222  0.222222  0.111111  0.222222  0.444444  0.444444  0.111111  0.222222  0.444444  0.444444 
0.111111  0.111111  0.0555556  0.0277778  0.222222  0.222222  0.111111  0.0555556  0.444444  0.444444  0.222222  0.111111  0.444444  0.444444  0.222222  0.111111 
0.0277778  0  0  0  0  0  0  0  0  0  0  0  0  0  0  0 
0.111111  0.111111  0.0555556  0.0277778  0  0  0  0  0  0  0  0  0  0  0  0 
0.111111  0  0  0  0.111111  0  0  0  0.0555556  0  0  0  0.0277778  0  0  0 
0.0277778  0.0555556  0.111111  0.111111  0  0  0  0  0  0  0  0  0  0  0  0 
0.0277778  0  0  0  0.0555556  0  0  0  0.111111  0  0  0  0.111111  0  0  0 
0  0  0  0.0277778  0  0  0  0  0  0  0  0  0  0  0  0 
0  0  0  0.111111  0  0  0  0.111111  0  0  0  0.0555556  0  0  0  0.0277778 
0  0  0  0.0277778  0  0  0  0.0555556  0  0  0  0.111111  0  0  0  0.111111 
0  0  0  0  0  0  0  0  0  0  0  0  0.0277778  0.0555556  0.111111  0.111111 
0  0  0  0  0  0  0  0  0  0  0  0  0.111111  0.111111  0.0555556  0.0277778 
0  0  0  0  0  0  0  0  0  0  0  0  0  0  0  0.0277778 
0  0  0  0  0  0  0  0  0  0  0  0  0.0277778  0  0  0 
19 16 0
36 37 47 46 25 26 35 27 45 28 38 48 57 56 58 55
0.444444  0.444444  0.222222  0.111111  0.444444  0.444444  0.222222  0.111111  0.222222  0.222222  0.111111  0.0555556  0.111111  0.111111  0.0555556  0.0277778 
0.111111  0.222222  0.444444  0.388889  0.111111  0.222222  0.444444  0.388889  0.0555556  0.111111  0.222222  0.194444  0.0277778  0.0555556  0.111111  0.0972222 
0.0277778  0.0555556  0.111111  0.0972222  0.0555556  0.111111  0.222222  0.194444  0.111111  0.222222  0.444444  0.388889  0.111111  0.222222  0.444444  0.388889 
0.111111  0.111111  0.0555556  0.0277778  0.222222  0.222222  0.111111  0.0555556  0.444444  0.444444  0.222222  0.111111  0.444444  0.444444  0.222222  0.111111 
0.0277778  0  0  0  0  0  0  0  0  0  0  0  0  0  0  0 
0.111111  0.111111  0.0555556  0.0277778  0  0  0  0  0  0  0  0  0  0  0  0 
0.111111  0  0  0  0.111111  0  0  0  0.0555556  0  0  0  0.0277778  0  0  0 
0.0277778  0.0555556  0.111111  0.0972222  0  0  0  0  0  0  0  0  0  0  0  0 
0.0277778  0  0  0  0.0555556  0  0  0  0.111111  0  0  0  0.111111  0  0  0 
0  0  0  0.0416667  0  0  0  0  0  0  0  0  0  0  0  0 
0  0  0  0.166667  0  0  0  0.166667  0  0  0  0.0833333  0  0  0  0.0416667 
0  0  0  0.0416667  0  0  0  0.0833333  0  0  0  0.166667  0  0  0  0.166667 
0  0  0  0  0  0  0  0  0  0  0  0  0.0277778  0.0555556  0.111111  0.0972222 
0  0  0  0  0  0  0  0  0  0  0  0  0.111111  0.111111  0.0555556  0.0277778 
0  0  0  0  0  0  0  0  0  0  0  0  0  0  0  0.0416667 
0  0  0  0  0  0  0  0  0  0  0  0  0.0277778  0  0  0 
20 16 0
37 38 48 47 26 27 36 28 46 29 39 49 58 57 59 56
0.388889  0.333333  0  0  0.388889  0.333333  0  0  0.194444  0.166667  0  0  0.0972222  0.0833333  0  0 
0.166667  0.333333  0.666667  0  0.166667  0.333333  0.666667  0  0.0833333  0.166667  0.333333  0  0.0416667  0.0833333  0.166667  0 
0.0416667  0.0833333  0.166667  0  0.0833333  0.166667  0.333333  0  0.166667  0.333333  0.666667  0  0.166667  0.333333  0.666667  0 
0.0972222  0.0833333  0  0  0.194444  0.166667  0  0  0.388889  0.333333  0  0  0.388889  0.333333  0  0 
0.0277778  0  0  0  0  0  0  0  0  0  0  0  0  0  0  0 
0.0972222  0.0833333  0  0  0  0  0  0  0  0  0  0  0  0  0  0 
0.111111  0  0  0  0.111111  0  0  0  0.0555556  0  0  0  0.0277778  0  0  0 
0.0416667  0.0833333  0.166667  0  0  0  0  0  0  0  0  0  0  0  0  0 
0.0277778  0  0  0  0.0555556  0  0  0  0.111111  0  0  0  0.111111  0  0  0 
0  0  0  0.166667  0  0  0  0  0  0  0  0  0  0  0  0 
0  0  0  0.666667  0  0  0  0.666667  0  0  0  0.333333  0  0  0  0.166667 
0  0  0  0.166667  0  0  0  0.333333  0  0  0  0.666667  0  0  0  0.666667 
0  0  0  0  0  0  0  0  0  0  0  0  0.0416667  0.0833333  0.166667  0 
0  0  0  0  0  0  0  0  0  0  0  0  0.0972222  0.0833333  0  0 
0  0  0  0  0  0  0  0  0  0  0  0  0  0  0  0.166667 
0  0  0  0  0  0  0  0  0  0  0  0  0.0277778  0  0  0 
21 16 0
41 42 52 51 30 31 40 32 50 33 43 53 62 61 63 60
0  0.666667  0.333333  0.166667  0  0.666667  0.333333  0.166667  0  0.333333  0.166667  0.0833333  0  0.166667  0.0833333  0.0416667 
0  0  0.333333  0.388889  0  0  0.333333  0.388889  0  0  0.166667  0.194444  0  0  0.0833333  0.0972222 
0  0  0.0833333  0.0972222  0  0  0.166667  0.194444  0  0  0.333333  0.388889  0  0  0.333333  0.388889 
0  0.166667  0.0833333  0.0416667  0  0.333333  0.166667  0.0833333  0  0.666667  0.333333  0.166667  0  0.666667  0.333333  0.166667 
0.166667  0  0  0  0  0  0  0  0  0  0  0  0  0  0  0 
0  0.166667  0.0833333  0.0416667  0  0  0  0  0  0  0  0  0  0  0  0 
0.666667  0  0  0  0.666667  0  0  0  0.333333  0  0  0  0.166667  0  0  0 
0  0  0.0833333  0.0972222  0  0  0  0  0  0  0  0  0  0  0  0 
0.166667  0  0  0  0.333333  0  0  0  0.666667  0  0  0  0.666667  0  0  0 
0  0  0  0.0277778  0  0  0  0  0  0  0  0  0  0  0  0 
0  0  0  0.111111  0  0  0  0.111111  0  0  0  0.0555556  0  0  0  0.0277778 
0  0  0  0.0277778  0  0  0  0.0555556  0  0  0  0.111111  0  0  0  0.111111 
0  0  0  0  0  0  0  0  0  0  0  0  0  0  0.0833333  0.0972222 
0  0  0  0  0  0  0  0  0  0  0  0  0  0.166667  0.0833333  0.0416667 
0  0  0  0  0  0  0  0  0  0  0  0  0  0  0  0.0277778 
0  0  0  0  0  0  0  0  0  0  0  0  0.166667  0  0  0 
22 16 0
42 43 53 52 31 32 41 33 51 34 44 54 63 62 64 61
0.388889  0.444444  0.222222  0.111111  0.388889  0.444444  0.222222  0.111111  0.194444  0.222222  0.111111  0.0555556  0.0972222  0.111111  0.0555556  0.0277778 
0.111111  0.222222  0.444444  0.444444  0.111111  0.222222  0.444444  0.444444  0.0555556  0.111111  0.222222  0.222222  0.0277778  0.0555556  0.111111  0.111111 
0.0277778  0.0555556  0.111111  0.111111  0.0555556  0.111111  0.222222  0.222222  0.111111  0.222222  0.444444  0.444444  0.111111  0.222222  0.444444  0.444444 
0.0972222  0.111111  0.0555556  0.0277778  0.194444  0.222222  0.111111  0.0555556  0.388889  0.444444  0.222222  0.111111  0.388889  0.444444  0.222222  0.111111 
0.0416667  0  0  0  0  0  0  0  0  0  0  0  0  0  0  0 
0.0972222  0.111111  0.0555556  0.0277778  0  0  0  0  0  0  0  0  0  0  0  0 
0.166667  0  0  0  0.166667  0  0  0  0.0833333  0  0  0  0.0416667  0  0  0 
0.0277778  0.0555556  0.111111  0.111111  0  0  0  0  0  0  0  0  0  0  0  0 
0.0416667  0  0  0  0.0833333  0  0  0  0.166667  0  0  0  0.166667  0  0  0 
0  0  0  0.0277778  0  0  0  0  0  0  0  0  0  0  0  0 
0  0  0  0.111111  0  0  0  0.111111  0  0  0  0.0555556  0  0  0  0.0277778 
0  0  0  0.0277778  0  0  0  0.0555556  0  0  0  0.111111  0  0  0  0.111111 
0  0  0  0  0  0  0  0  0  0  0  0  0.0277778  0.0555556  0.111111  0.111111 
0  0  0  0  0  0  0  0  0  0  0  0  0.0972222  0.111111  0.0555556  0.0277778 
0  0  0  0  0  0  0  0  0  0  0  0  0  0  0  0.0277778 
0  0  0  0  0  0  0  0  0  0  0  0  0.0416667  0  0  0 
23 16 0
43 44 54 53 32 33 42 34 52 35 45 55 64 63 65 62
0.444444  0.444444  0.222222  0.111111  0.444444  0.444444  0.222222  0.111111  0.222222  0.222222  0.111111  0.0555556  0.111111  0.111111  0.0555556  0.0277778 
0.111111  0.222222  0.444444  0.444444  0.111111  0.222222  0.444444  0.444444  0.0555556  0.111111  0.222222  0.222222  0.0277778  0.0555556  0.111111  0.111111 
0.0277778  0.0555556  0.111111  0.111111  0.0555556  0.111111  0.222222  0.222222  0.111111  0.222222  0.444444  0.444444  0.111111  0.222222  0.444444  0.444444 
0.111111  0.111111  0.0555556  0.0277778  0.222222  0.222222  0.111111  0.0555556  0.444444  0.444444  0.222222  0.111111  0.444444  0.444444  0.222222  0.111111 
0.0277778  0  0  0  0  0  0  0  0  0  0  0  0  0  0  0 
0.111111  0.111111  0.0555556  0.0277778  0  0  0  0  0  0  0  0  0  0  0  0 
0.111111  0  0  0  0.111111  0  0  0  0.0555556  0  0  0  0.0277778  0  0  0 
0.0277778  0.0555556  0.111111  0.111111  0  0  0  0  0  0  0  0  0  0  0  0 
0.0277778  0  0  0  0.0555556  0  0  0  0.111111  0  0  0  0.111111  0  0  0 
0  0  0  0.0277778  0  0  0  0  0  0  0  0  0  0  0  0 
0  0  0  0.111111  0  0  0  0.111111  0  0  0  0.0555556  0  0  0  0.0277778 
0  0  0  0.0277778  0  0  0  0.0555556  0  0  0  0.111111  0  0  0  0.111111 
0  0  0  0  0  0  0  0  0  0  0  0  0.0277778  0.0555556  0.111111  0.111111 
0  0  0  0  0  0  0  0  0  0  0  0  0.111111  0.111111  0.0555556  0.0277778 
0  0  0  0  0  0  0  0  0  0  0  0  0  0  0  0.0277778 
0  0  0  0  0  0  0  0  0  0  0  0  0.0277778  0  0  0 
24 16 0
44 45 55 54 33 34 43 35 53 36 46 56 65 64 66 63
0.444444  0.444444  0.222222  0.111111  0.444444  0.444444  0.222222  0.111111  0.222222  0.222222  0.111111  0.0555556  0.111111  0.111111  0.0555556  0.0277778 
0.111111  0.222222  0.444444  0.444444  0.111111  0.222222  0.444444  0.444444  0.0555556  0.111111  0.222222  0.222222  0.0277778  0.0555556  0.111111  0.111111 
0.0277778  0.0555556  0.111111  0.111111  0.0555556  0.111111  0.222222  0.222222  0.111111  0.222222  0.444444  0.444444  0.111111  0.222222  0.444444  0.444444 
0.111111  0.111111  0.0555556  0.0277778  0.222222  0.222222  0.111111  0.0555556  0.444444  0.444444  0.222222  0.111111  0.444444  0.444444  0.222222  0.111111 
0.0277778  0  0  0  0  0  0  0  0  0  0  0  0  0  0  0 
0.111111  0.111111  0.0555556  0.0277778  0  0  0  0  0  0  0  0  0  0  0  0 
0.111111  0  0  0  0.111111  0  0  0  0.0555556  0  0  0  0.0277778  0  0  0 
0.0277778  0.0555556  0.111111  0.111111  0  0  0  0  0  0  0  0  0  0  0  0 
0.0277778  0  0  0  0.0555556  0  0  0  0.111111  0  0  0  0.111111  0  0  0 
0  0  0  0.0277778  0  0  0  0  0  0  0  0  0  0  0  0 
0  0  0  0.111111  0  0  0  0.111111  0  0  0  0.0555556  0  0  0  0.0277778 
0  0  0  0.0277778  0  0  0  0.0555556  0  0  0  0.111111  0  0  0  0.111111 
0  0  0  0  0  0  0  0  0  0  0  0  0.0277778  0.0555556  0.111111  0.111111 
0  0  0  0  0  0  0  0  0  0  0  0  0.111111  0.111111  0.0555556  0.0277778 
0  0  0  0  0  0  0  0  0  0  0  0  0  0  0  0.0277778 
0  0  0  0  0  0  0  0  0  0  0  0  0.0277778  0  0  0 
25 16 0
45 46 56 55 34 35 44 36 54 37 47 57 66 65 67 64
0.444444  0.444444  0.222222  0.111111  0.444444  0.444444  0.222222  0.111111  0.222222  0.222222  0.111111  0.0555556  0.111111  0.111111  0.0555556  0.0277778 
0.111111  0.222222  0.444444  0.444444  0.111111  0.222222  0.444444  0.444444  0.0555556  0.111111  0.222222  0.222222  0.0277778  0.0555556  0.111111  0.111111 
0.0277778  0.0555556  0.111111  0.111111  0.0555556  0.111111  0.222222  0.222222  0.111111  0.222222  0.444444  0.444444  0.111111  0.222222  0.444444  0.444444 
0.111111  0.111111  0.0555556  0.0277778  0.222222  0.222222  0.111111  0.0555556  0.444444  0.444444  0.222222  0.111111  0.444444  0.444444  0.222222  0.111111 
0.0277778  0  0  0  0  0  0  0  0  0  0  0  0  0  0  0 
0.111111  0.111111  0.0555556  0.0277778  0  0  0  0  0  0  0  0  0  0  0  0 
0.111111  0  0  0  0.111111  0  0  0  0.0555556  0  0  0  0.0277778  0  0  0 
0.0277778  0.0555556  0.111111  0.111111  0  0  0  0  0  0  0  0  0  0  0  0 
0.0277778  0  0  0  0.0555556  0  0  0  0.111111  0  0  0  0.111111  0  0  0 
0  0  0  0.0277778  0  0  0  0  0  0  0  0  0  0  0  0 
0  0  0  0.111111  0  0  0  0.111111  0  0  0  0.0555556  0  0  0  0.0277778 
0  0  0  0.0277778  0  0  0  0.0555556  0  0  0  0.111111  0  0  0  0.111111 
0  0  0  0  0  0  0  0  0  0  0  0  0.0277778  0.0555556  0.111111  0.111111 
0  0  0  0  0  0  0  0  0  0  0  0  0.111111  0.111111  0.0555556  0.0277778 
0  0  0  0  0  0  0  0  0  0  0  0  0  0  0  0.0277778 
0  0  0  0  0  0  0  0  0  0  0  0  0.0277778  0  0  0 
26 16 0
46 47 57 56 35 36 45 37 55 38 48 58 67 66 68 65
0.444444  0.444444  0.222222  0.111111  0.444444  0.444444  0.222222  0.111111  0.222222  0.222222  0.111111  0.0555556  0.111111  0.111111  0.0555556  0.0277778 
0.111111  0.222222  0.444444  0.388889  0.111111  0.222222  0.444444  0.388889  0.0555556  0.111111  0.222222  0.194444  0.0277778  0.0555556  0.111111  0.0972222 
0.0277778  0.0555556  0.111111  0.0972222  0.0555556  0.111111  0.222222  0.194444  0.111111  0.222222  0.444444  0.388889  0.111111  0.222222  0.444444  0.388889 
0.111111  0.111111  0.0555556  0.0277778  0.222222  0.222222  0.111111  0.0555556  0.444444  0.444444  0.222222  0.111111  0.444444  0.444444  0.222222  0.111111 
0.0277778  0  0  0  0  0  0  0  0  0  0  0  0  0  0  0 
0.111111  0.111111  0.0555556  0.0277778  0  0  0  0  0  0  0  0  0  0  0  0 
0.111111  0  0  0  0.111111  0  0  0  0.0555556  0  0  0  0.0277778  0  0  0 
0.0277778  0.0555556  0.111111  0.0972222  0  0  0  0  0  0  0  0  0  0  0  0 
0.0277778  0  0  0  0.0555556  0  0  0  0.111111  0  0  0  0.111111  0  0  0 
0  0  0  0.0416667  0  0  0  0  0  0  0  0  0  0  0  0 
0  0  0  0.166667  0  0  0  0.166667  0  0  0  0.0833333  0  0  0  0.0416667 
0  0  0  0.0416667  0  0  0  0.0833333  0  0  0  0.166667  0  0  0  0.166667 
0  0  0  0  0  0  0  0  0  0  0  0  0.0277778  0.0555556  0.111111  0.0972222 
0  0  0  0  0  0  0  0  0  0  0  0  0.111111  0.111111  0.0555556  0.0277778 
0  0  0  0  0  0  0  0  0  0  0  0  0  0  0  0.0416667 
0  0  0  0  0  0  0  0  0  0  0  0  0.0277778  0  0  0 
27 16 0
47 48 58 57 36 37 46 38 56 39 49 59 68 67 69 66
0.388889  0.333333  0  0  0.388889  0.333333  0  0  0.194444  0.166667  0  0  0.0972222  0.0833333  0  0 
0.166667  0.333333  0.666667  0  0.166667  0.333333  0.666667  0  0.0833333  0.166667  0.333333  0  0.0416667  0.0833333  0.166667  0 
0.0416667  0.0833333  0.166667  0  0.0833333  0.166667  0.333333  0  0.166667  0.333333  0.666667  0  0.166667  0.333333  0.666667  0 
0.0972222  0.0833333  0  0  0.194444  0.166667  0  0  0.388889  0.333333  0  0  0.388889  0.333333  0  0 
0.0277778  0  0  0  0  0  0  0  0  0  0  0  0  0  0  0 
0.0972222  0.0833333  0  0  0  0  0  0  0  0  0  0  0  0  0  0 
0.111111  0  0  0  0.111111  0  0  0  0.0555556  0  0  0  0.0277778  0  0  0 
0.0416667  0.0833333  0.166667  0  0  0  0  0  0  0  0  0  0  0  0  0 
0.0277778  0  0  0  0.0555556  0  0  0  0.111111  0  0  0  0.111111  0  0  0 
0  0  0  0.166667  0  0  0  0  0  0  0  0  0  0  0  0 
0  0  0  0.666667  0  0  0  0.666667  0  0  0  0.333333  0  0  0  0.166667 
0  0  0  0.166667  0  0  0  0.333333  0  0  0  0.666667  0  0  0  0.666667 
0  0  0  0  0  0  0  0  0  0  0  0  0.0416667  0.0833333  0.166667  0 
0  0  0  0  0  0  0  0  0  0  0  0  0.0972222  0.0833333  0  0 
0  0  0  0  0  0  0  0  0  0  0  0  0  0  0  0.166667 
0  0  0  0  0  0  0  0  0  0  0  0  0.0277778  0  0  0 
28 16 0
51 52 62 61 40 41 50 42 60 43 53 63 72 71 73 70
0  0.666667  0.333333  0.166667  0  0.666667  0.333333  0.166667  0  0.333333  0.166667  0.0833333  0  0.166667  0.0833333  0.0416667 
0  0  0.333333  0.388889  0  0  0.333333  0.388889  0  0  0.166667  0.194444  0  0  0.0833333  0.0972222 
0  0  0.0833333  0.0972222  0  0  0.166667  0.194444  0  0  0.333333  0.388889  0  0  0.333333  0.388889 
0  0.166667  0.0833333  0.0416667  0  0.333333  0.166667  0.0833333  0  0.666667  0.333333  0.166667  0  0.666667  0.333333  0.166667 
0.166667  0  0  0  0  0  0  0  0  0  0  0  0  0  0  0 
0  0.166667  0.0833333  0.0416667  0  0  0  0  0  0  0  0  0  0  0  0 
0.666667  0  0  0  0.666667  0  0  0  0.333333  0  0  0  0.166667  0  0  0 
0  0  0.0833333  0.0972222  0  0  0  0  0  0  0  0  0  0  0  0 
0.166667  0  0  0  0.333333  0  0  0  0.666667  0  0  0  0.666667  0  0  0 
0  0  0  0.0277778  0  0  0  0  0  0  0  0  0  0  0  0 
0  0  0  0.111111  0  0  0  0.111111  0  0  0  0.0555556  0  0  0  0.0277778 
0  0  0  0.0277778  0  0  0  0.0555556  0  0  0  0.111111  0  0  0  0.111111 
0  0  0  0  0  0  0  0  0  0  0  0  0  0  0.0833333  0.0972222 
0  0  0  0  0  0  0  0  0  0  0  0  0  0.166667  0.0833333  0.0416667 
0  0  0  0  0  0  0  0  0  0  0  0  0  0  0  0.0277778 
0  0  0  0  0  0  0  0  0  0  0  0  0.166667  0  0  0 
29 16 0
52 53 63 62 41 42 51 43 61 44 54 64 73 72 74 71
0.388889  0.444444  0.222222  0.111111  0.388889  0.444444  0.222222  0.111111  0.194444  0.222222  0.111111  0.0555556  0.0972222  0.111111  0.0555556  0.0277778 
0.111111  0.222222  0.444444  0.444444  0.111111  0.222222  0.444444  0.444444  0.0555556  0.111111  0.222222  0.222222  0.0277778  0.0555556  0.111111  0.111111 
0.0277778  0.0555556  0.111111  0.111111  0.0555556  0.111111  0.222222  0.222222  0.111111  0.222222  0.444444  0.444444  0.111111  0.222222  0.444444  0.444444 
0.0972222  0.111111  0.0555556  0.0277778  0.194444  0.222222  0.111111  0.0555556  0.388889  0.444444  0.222222  0.111111  0.388889  0.444444  0.222222  0.111111 
0.0416667  0  0  0  0  0  0  0  0  0  0  0  0  0  0  0 
0.0972222  0.111111  0.0555556  0.0277778  0  0  0  0  0  0  0  0  0  0  0  0 
0.166667  0  0  0  0.166667  0  0  0  0.0833333  0  0  0  0.0416667  0  0  0 
0.0277778  0.0555556  0.111111  0.111111  0  0  0  0  0  0  0  0  0  0  0  0 
0.0416667  0  0  0  0.0833333  0  0  0  0.166667  0  0  0  0.166667  0  0  0 
0  0  0  0.0277778  0  0  0  0  0  0  0  0  0  0  0  0 
0  0  0  0.111111  0  0  0  0.111111  0  0  0  0.0555556  0  0  0  0.0277778 
0  0  0  0.0277778  0  0  0  0.0555556  0  0  0  0.111111  0  0  0  0.111111 
0  0  0  0  0  0  0  0  0  0  0  0  0.0277778  0.0555556  0.111111  0.111111 
0  0  0  0  0  0  0  0  0  0  0  0  0.0972222  0.111111  0.0555556  0.0277778 
0  0  0  0  0  0  0  0  0  0  0  0  0  0  0  0.0277778 
0  0  0  0  0  0  0  0  0  0  0  0  0.0416667  0  0  0 
30 16 0
53 54 64 63 42 43 52 44 62 45 55 65 74 73 75 72
0.444444  0.444444  0.222222  0.111111  0.444444  0.444444  0.222222  0.111111  0.222222  0.222222  0.111111  0.0555556  0.111111  0.111111  0.0555556  0.0277778 
0.111111  0.222222  0.444444  0.444444  0.111111  0.222222  0.444444  0.444444  0.0555556  0.111111  0.222222  0.222222  0.0277778  0.0555556  0.111111  0.111111 
0.0277778  0.0555556  0.111111  0.111111  0.0555556  0.111111  0.222222  0.222222  0.111111  0.222222  0.444444  0.444444  0.111111  0.222222  0.444444  0.444444 
0.111111  0.111111  0.0555556  0.0277778  0.222222  0.222222  0.111111  0.0555556  0.444444  0.444444  0.222222  0.111111  0.444444  0.444444  0.222222  0.111111 
0.0277778  0  0  0  0  0  0  0  0  0  0  0  0  0  0  0 
0.111111  0.111111  0.0555556  0.0277778  0  0  0  0  0  0  0  0  0  0  0  0 
0.111111  0  0  0  0.111111  0  0  0  0.0555556  0  0  0  0.0277778  0  0  0 
0.0277778  0.0555556  0.111111  0.111111  0  0  0  0  0  0  0  0  0  0  0  0 
0.0277778  0  0  0  0.0555556  0  0  0  0.111111  0  0  0  0.111111  0  0  0 
0  0  0  0.0277778  0  0  0  0  0  0  0  0  0  0  0  0 
0  0  0  0.111111  0  0  0  0.111111  0  0  0  0.0555556  0  0  0  0.0277778 
0  0  0  0.0277778  0  0  0  0.0555556  0  0  0  0.111111  0  0  0  0.111111 
0  0  0  0  0  0  0  0  0  0  0  0  0.0277778  0.0555556  0.111111  0.111111 
0  0  0  0  0  0  0  0  0  0  0  0  0.111111  0.111111  0.0555556  0.0277778 
0  0  0  0  0  0  0  0  0  0  0  0  0  0  0  0.0277778 
0  0  0  0  0  0  0  0  0  0  0  0  0.0277778  0  0  0 
31 16 0
54 55 65 64 43 44 53 45 63 46 56 66 75 74 76 73
0.444444  0.444444  0.222222  0.111111  0.444444  0.444444  0.222222  0.111111  0.222222  0.222222  0.111111  0.0555556  0.111111  0.111111  0.0555556  0.0277778 
0.111111  0.222222  0.444444  0.444444  0.111111  0.222222  0.444444  0.444444  0.0555556  0.111111  0.222222  0.222222  0.0277778  0.0555556  0.111111  0.111111 
0.0277778  0.0555556  0.111111  0.111111  0.0555556  0.111111  0.222222  0.222222  0.111111  0.222222  0.444444  0.444444  0.111111  0.222222  0.444444  0.444444 
0.111111  0.111111  0.0555556  0.0277778  0.222222  0.222222  0.111111  0.0555556  0.444444  0.444444  0.222222  0.111111  0.444444  0.444444  0.222222  0.111111 
0.0277778  0  0  0  0  0  0  0  0  0  0  0  0  0  0  0 
0.111111  0.111111  0.0555556  0.0277778  0  0  0  0  0  0  0  0  0  0  0  0 
0.111111  0  0  0  0.111111  0  0  0  0.0555556  0  0  0  0.0277778  0  0  0 
0.0277778  0.0555556  0.111111  0.111111  0  0  0  0  0  0  0  0  0  0  0  0 
0.0277778  0  0  0  0.0555556  0  0  0  0.111111  0  0  0  0.111111  0  0  0 
0  0  0  0.0277778  0  0  0  0  0  0  0  0  0  0  0  0 
0  0  0  0.111111  0  0  0  0.111111  0  0  0  0.0555556  0  0  0  0.0277778 
0  0  0  0.0277778  0  0  0  0.0555556  0  0  0  0.111111  0  0  0  0.111111 
0  0  0  0  0  0  0  0  0  0  0  0  0.0277778  0.0555556  0.111111  0.111111 
0  0  0  0  0  0  0  0  0  0  0  0  0.111111  0.111111  0.0555556  0.0277778 
0  0  0  0  0  0  0  0  0  0  0  0  0  0  0  0.0277778 
0  0  0  0  0  0  0  0  0  0  0  0  0.0277778  0  0  0 
32 16 0
55 56 66 65 44 45 54 46 64 47 57 67 76 75 77 74
0.444444  0.444444  0.222222  0.111111  0.444444  0.444444  0.222222  0.111111  0.222222  0.222222  0.111111  0.0555556  0.111111  0.111111  0.0555556  0.0277778 
0.111111  0.222222  0.444444  0.444444  0.111111  0.222222  0.444444  0.444444  0.0555556  0.111111  0.222222  0.222222  0.0277778  0.0555556  0.111111  0.111111 
0.0277778  0.0555556  0.111111  0.111111  0.0555556  0.111111  0.222222  0.222222  0.111111  0.222222  0.444444  0.444444  0.111111  0.222222  0.444444  0.444444 
0.111111  0.111111  0.0555556  0.0277778  0.222222  0.222222  0.111111  0.0555556  0.444444  0.444444  0.222222  0.111111  0.444444  0.444444  0.222222  0.111111 
0.0277778  0  0  0  0  0  0  0  0  0  0  0  0  0  0  0 
0.111111  0.111111  0.0555556  0.0277778  0  0  0  0  0  0  0  0  0  0  0  0 
0.111111  0  0  0  0.111111  0  0  0  0.0555556  0  0  0  0.0277778  0  0  0 
0.0277778  0.0555556  0.111111  0.111111  0  0  0  0  0  0  0  0  0  0  0  0 
0.0277778  0  0  0  0.0555556  0  0  0  0.111111  0  0  0  0.111111  0  0  0 
0  0  0  0.0277778  0  0  0  0  0  0  0  0  0  0  0  0 
0  0  0  0.111111  0  0  0  0.111111  0  0  0  0.0555556  0  0  0  0.0277778 
0  0  0  0.0277778  0  0  0  0.0555556  0  0  0  0.111111  0  0  0  0.111111 
0  0  0  0  0  0  0  0  0  0  0  0  0.0277778  0.0555556  0.111111  0.111111 
0  0  0  0  0  0  0  0  0  0  0  0  0.111111  0.111111  0.0555556  0.0277778 
0  0  0  0  0  0  0  0  0  0  0  0  0  0  0  0.0277778 
0  0  0  0  0  0  0  0  0  0  0  0  0.0277778  0  0  0 
33 16 0
56 57 67 66 45 46 55 47 65 48 58 68 77 76 78 75
0.444444  0.444444  0.222222  0.111111  0.444444  0.444444  0.222222  0.111111  0.222222  0.222222  0.111111  0.0555556  0.111111  0.111111  0.0555556  0.0277778 
0.111111  0.222222  0.444444  0.388889  0.111111  0.222222  0.444444  0.388889  0.0555556  0.111111  0.222222  0.194444  0.0277778  0.0555556  0.111111  0.0972222 
0.0277778  0.0555556  0.111111  0.0972222  0.0555556  0.111111  0.222222  0.194444  0.111111  0.222222  0.444444  0.388889  0.111111  0.222222  0.444444  0.388889 
0.111111  0.111111  0.0555556  0.0277778  0.222222  0.222222  0.111111  0.0555556  0.444444  0.444444  0.222222  0.111111  0.444444  0.444444  0.222222  0.111111 
0.0277778  0  0  0  0  0  0  0  0  0  0  0  0  0  0  0 
0.111111  0.111111  0.0555556  0.0277778  0  0  0  0  0  0  0  0  0  0  0  0 
0.111111  0  0  0  0.111111  0  0  0  0.0555556  0  0  0  0.0277778  0  0  0 
0.0277778  0.0555556  0.111111  0.0972222  0  0  0  0  0  0  0  0  0  0  0  0 
0.0277778  0  0  0  0.0555556  0  0  0  0.111111  0  0  0  0.111111  0  0  0 
0  0  0  0.0416667  0  0  0  0  0  0  0  0  0  0  0  0 
0  0  0  0.166667  0  0  0  0.166667  0  0  0  0.0833333  0  0  0  0.0416667 
0  0  0  0.0416667  0  0  0  0.0833333  0  0  0  0.166667  0  0  0  0.166667 
0  0  0  0  0  0  0  0  0  0  0  0  0.0277778  0.0555556  0.111111  0.0972222 
0  0  0  0  0  0  0  0  0  0  0  0  0.111111  0.111111  0.0555556  0.0277778 
0  0  0  0  0  0  0  0  0  0  0  0  0  0  0  0.0416667 
0  0  0  0  0  0  0  0  0  0  0  0  0.0277778  0  0  0 
34 16 0
57 58 68 67 46 47 56 48 66 49 59 69 78 77 79 76
0.388889  0.333333  0  0  0.388889  0.333333  0  0  0.194444  0.166667  0  0  0.0972222  0.0833333  0  0 
0.166667  0.333333  0.666667  0  0.166667  0.333333  0.666667  0  0.0833333  0.166667  0.333333  0  0.0416667  0.0833333  0.166667  0 
0.0416667  0.0833333  0.166667  0  0.0833333  0.166667  0.333333  0  0.166667  0.333333  0.666667  0  0.166667  0.333333  0.666667  0 
0.0972222  0.0833333  0  0  0.194444  0.166667  0  0  0.388889  0.333333  0  0  0.388889  0.333333  0  0 
0.0277778  0  0  0  0  0  0  0  0  0  0  0  0  0  0  0 
0.0972222  0.0833333  0  0  0  0  0  0  0  0  0  0  0  0  0  0 
0.111111  0  0  0  0.111111  0  0  0  0.0555556  0  0  0  0.0277778  0  0  0 
0.0416667  0.0833333  0.166667  0  0  0  0  0  0  0  0  0  0  0  0  0 
0.0277778  0  0  0  0.0555556  0  0  0  0.111111  0  0  0  0.111111  0  0  0 
0  0  0  0.166667  0  0  0  0  0  0  0  0  0  0  0  0 
0  0  0  0.666667  0  0  0  0.666667  0  0  0  0.333333  0  0  0  0.166667 
0  0  0  0.166667  0  0  0  0.333333  0  0  0  0.666667  0  0  0  0.666667 
0  0  0  0  0  0  0  0  0  0  0  0  0.0416667  0.0833333  0.166667  0 
0  0  0  0  0  0  0  0  0  0  0  0  0.0972222  0.0833333  0  0 
0  0  0  0  0  0  0  0  0  0  0  0  0  0  0  0.166667 
0  0  0  0  0  0  0  0  0  0  0  0  0.0277778  0  0  0 
35 16 0
61 62 72 71 50 51 60 52 70 53 63 73 82 81 83 80
0  0.666667  0.333333  0.166667  0  0.666667  0.333333  0.166667  0  0.333333  0.166667  0.0833333  0  0.166667  0.0833333  0.0416667 
0  0  0.333333  0.388889  0  0  0.333333  0.388889  0  0  0.166667  0.194444  0  0  0.0833333  0.0972222 
0  0  0.0833333  0.0972222  0  0  0.166667  0.194444  0  0  0.333333  0.388889  0  0  0.291667  0.340278 
0  0.166667  0.0833333  0.0416667  0  0.333333  0.166667  0.0833333  0  0.666667  0.333333  0.166667  0  0.583333  0.291667  0.145833 
0.166667  0  0  0  0  0  0  0  0  0  0  0  0  0  0  0 
0  0.166667  0.0833333  0.0416667  0  0  0  0  0  0  0  0  0  0  0  0 
0.666667  0  0  0  0.666667  0  0  0  0.333333  0  0  0  0.166667  0  0  0 
0  0  0.0833333  0.0972222  0  0  0  0  0  0  0  0  0  0  0  0 
0.166667  0  0  0  0.333333  0  0  0  0.666667  0  0  0  0.583333  0  0  0 
0  0  0  0.0277778  0  0  0  0  0  0  0  0  0  0  0  0 
0  0  0  0.111111  0  0  0  0.111111  0  0  0  0.0555556  0  0  0  0.0277778 
0  0  0  0.0277778  0  0  0  0.0555556  0  0  0  0.111111  0  0  0  0.0972222 
0  0  0  0  0  0  0  0  0  0  0  0  0  0  0.125  0.145833 
0  0  0  0  0  0  0  0  0  0  0  0  0  0.25  0.125  0.0625 
0  0  0  0  0  0  0  0  0  0  0  0  0  0  0  0.0416667 
0  0  0  0  0  0  0  0  0  0  0  0  0.25  0  0  0 
36 16 0
62 63 73 72 51 52 61 53 71 54 64 74 83 82 84 81
0.388889  0.444444  0.222222  0.111111  0.388889  0.444444  0.222222  0.111111  0.194444  0.222222  0.111111  0.0555556  0.0972222  0.111111  0.0555556  0.0277778 
0.111111  0.222222  0.444444  0.444444  0.111111  0.222222  0.444444  0.444444  0.0555556  0.111111  0.222222  0.222222  0.0277778  0.0555556  0.111111  0.111111 
0.0277778  0.0555556  0.111111  0.111111  0.0555556  0.111111  0.222222  0.222222  0.111111  0.222222  0.444444  0.444444  0.0972222  0.194444  0.388889  0.388889 
0.0972222  0.111111  0.0555556  0.0277778  0.194444  0.222222  0.111111  0.0555556  0.388889  0.444444  0.222222  0.111111  0.340278  0.388889  0.194444  0.0972222 
0.0416667  0  0  0  0  0  0  0  0  0  0  0  0  0  0  0 
0.0972222  0.111111  0.0555556  0.0277778  0  0  0  0  0  0  0  0  0  0  0  0 
0.166667  0  0  0  0.166667  0  0  0  0.0833333  0  0  0  0.0416667  0  0  0 
0.0277778  0.0555556  0.111111  0.111111  0  0  0  0  0  0  0  0  0  0  0  0 
0.0416667  0  0  0  0.0833333  0  0  0  0.166667  0  0  0  0.145833  0  0  0 
0  0  0  0.0277778  0  0  0  0  0  0  0  0  0  0  0  0 
0  0  0  0.111111  0  0  0  0.111111  0  0  0  0.0555556  0  0  0  0.0277778 
0  0  0  0.0277778  0  0  0  0.0555556  0  0  0  0.111111  0  0  0  0.0972222 
0  0  0  0  0  0  0  0  0  0  0  0  0.0416667  0.0833333  0.166667  0.166667 
0  0  0  0  0  0  0  0  0  0  0  0  0.145833  0.166667  0.0833333  0.0416667 
0  0  0  0  0  0  0  0  0  0  0  0  0  0  0  0.0416667 
0  0  0  0  0  0  0  0  0  0  0  0  0.0625  0  0  0 
37 16 0
63 64 74 73 52 53 62 54 72 55 65 75 84 83 85 82
0.444444  0.444444  0.222222  0.111111  0.444444  0.444444  0.222222  0.111111  0.222222  0.222222  0.111111  0.0555556  0.111111  0.111111  0.0555556  0.0277778 
0.111111  0.222222  0.444444  0.444444  0.111111  0.222222  0.444444  0.444444  0.0555556  0.111111  0.222222  0.222222  0.0277778  0.0555556  0.111111  0.111111 
0.0277778  0.0555556  0.111111  0.111111  0.0555556  0.111111  0.222222  0.222222  0.111111  0.222222  0.444444  0.444444  0.0972222  0.194444  0.388889  0.388889 
0.111111  0.111111  0.0555556  0.0277778  0.222222  0.222222  0.111111  0.0555556  0.444444  0.444444  0.222222  0.111111  0.388889  0.388889  0.194444  0.0972222 
0.0277778  0  0  0  0  0  0  0  0  0  0  0  0  0  0  0 
0.111111  0.111111  0.0555556  0.0277778  0  0  0  0  0  0  0  0  0  0  0  0 
0.111111  0  0  0  0.111111  0  0  0  0.0555556  0  0  0  0.0277778  0  0  0 
0.0277778  0.0555556  0.111111  0.111111  0  0  0  0  0  0  0  0  0  0  0  0 
0.0277778  0  0  0  0.0555556  0  0  0  0.111111  0  0  0  0.0972222  0  0  0 
0  0  0  0.0277778  0  0  0  0  0  0  0  0  0  0  0  0 
0  0  0  0.111111  0  0  0  0.111111  0  0  0  0.0555556  0  0  0  0.0277778 
0  0  0  0.0277778  0  0  0  0.0555556  0  0  0  0.111111  0  0  0  0.0972222 
0  0  0  0  0  0  0  0  0  0  0  0  0.0416667  0.0833333  0.166667  0.166667 
0  0  0  0  0  0  0  0  0  0  0  0  0.166667  0.166667  0.0833333  0.0416667 
0  0  0  0  0  0  0  0  0  0  0  0  0  0  0  0.0416667 
0  0  0  0  0  0  0  0  0  0  0  0  0.0416667  0  0  0 
38 16 0
64 65 75 74 53 54 63 55 73 56 66 76 85 84 86 83
0.444444  0.444444  0.222222  0.111111  0.444444  0.444444  0.222222  0.111111  0.222222  0.222222  0.111111  0.0555556  0.111111  0.111111  0.0555556  0.0277778 
0.111111  0.222222  0.444444  0.444444  0.111111  0.222222  0.444444  0.444444  0.0555556  0.111111  0.222222  0.222222  0.0277778  0.0555556  0.111111  0.111111 
0.0277778  0.0555556  0.111111  0.111111  0.0555556  0.111111  0.222222  0.222222  0.111111  0.222222  0.444444  0.444444  0.0972222  0.194444  0.388889  0.388889 
0.111111  0.111111  0.0555556  0.0277778  0.222222  0.222222  0.111111  0.0555556  0.444444  0.444444  0.222222  0.111111  0.388889  0.388889  0.194444  0.0972222 
0.0277778  0  0  0  0  0  0  0  0  0  0  0  0  0  0  0 
0.111111  0.111111  0.0555556  0.0277778  0  0  0  0  0  0  0  0  0  0  0  0 
0.111111  0  0  0  0.111111  0  0  0  0.0555556  0  0  0  0.0277778  0  0  0 
0.0277778  0.0555556  0.111111  0.111111  0  0  0  0  0  0  0  0  0  0  0  0 
0.0277778  0  0  0  0.0555556  0  0  0  0.111111  0  0  0  0.0972222  0  0  0 
0  0  0  0.0277778  0  0  0  0  0  0  0  0  0  0  0  0 
0  0  0  0.111111  0  0  0  0.111111  0  0  0  0.0555556  0  0  0  0.0277778 
0  0  0  0.0277778  0  0  0  0.0555556  0  0  0  0.111111  0  0  0  0.0972222 
0  0  0  0  0  0  0  0  0  0  0  0  0.0416667  0.0833333  0.166667  0.166667 
0  0  0  0  0  0  0  0  0  0  0  0  0.166667  0.166667  0.0833333  0.0416667 
0  0  0  0  0  0  0  0  0  0  0  0  0  0  0  0.0416667 
0  0  0  0  0  0  0  0  0  0  0  0  0.0416667  0  0  0 
39 16 0
65 66 76 75 54 55 64 56 74 57 67 77 86 85 87 84
0.444444  0.444444  0.222222  0.111111  0.444444  0.444444  0.222222  0.111111  0.222222  0.222222  0.111111  0.0555556  0.111111  0.111111  0.0555556  0.0277778 
0.111111  0.222222  0.444444  0.444444  0.111111  0.222222  0.444444  0.444444  0.0555556  0.111111  0.222222  0.222222  0.0277778  0.0555556  0.111111  0.111111 
0.0277778  0.0555556  0.111111  0.111111  0.0555556  0.111111  0.222222  0.222222  0.111111  0.222222  0.444444  0.444444  0.0972222  0.194444  0.388889  0.388889 
0.111111  0.111111  0.0555556  0.0277778  0.222222  0.222222  0.111111  0.0555556  0.444444  0.444444  0.222222  0.111111  0.388889  0.388889  0.194444  0.0972222 
0.0277778  0  0  0  0  0  0  0  0  0  0  0  0  0  0  0 
0.111111  0.111111  0.0555556  0.0277778  0  0  0  0  0  0  0  0  0  0  0  0 
0.111111  0  0  0  0.111111  0  0  0  0.0555556  0  0  0  0.0277778  0  0  0 
0.0277778  0.0555556  0.111111  0.111111  0  0  0  0  0  0  0  0  0  0  0  0 
0.0277778  0  0  0  0.0555556  0  0  0  0.111111  0  0  0  0.0972222  0  0  0 
0  0  0  0.0277778  0  0  0  0  0  0  0  0  0  0  0  0 
0  0  0  0.111111  0  0  0  0.111111  0  0  0  0.0555556  0  0  0  0.0277778 
0  0  0  0.0277778  0  0  0  0.0555556  0  0  0  0.111111  0  0  0  0.0972222 
0  0  0  0  0  0  0  0  0  0  0  0  0.0416667  0.0833333  0.166667  0.166667 
0  0  0  0  0  0  0  0  0  0  0  0  0.166667  0.166667  0.0833333  0.0416667 
0  0  0  0  0  0  0  0  0  0  0  0  0  0  0  0.0416667 
0  0  0  0  0  0  0  0  0  0  0  0  0.0416667  0  0  0 
40 16 0
66 67 77 76 55 56 65 57 75 58 68 78 87 86 88 85
0.444444  0.444444  0.222222  0.111111  0.444444  0.444444  0.222222  0.111111  0.222222  0.222222  0.111111  0.0555556  0.111111  0.111111  0.0555556  0.0277778 
0.111111  0.222222  0.444444  0.388889  0.111111  0.222222  0.444444  0.388889  0.0555556  0.111111  0.222222  0.194444  0.0277778  0.0555556  0.111111  0.0972222 
0.0277778  0.0555556  0.111111  0.0972222  0.0555556  0.111111  0.222222  0.194444  0.111111  0.222222  0.444444  0.388889  0.0972222  0.194444  0.388889  0.340278 
0.111111  0.111111  0.0555556  0.0277778  0.222222  0.222222  0.111111  0.0555556  0.444444  0.444444  0.222222  0.111111  0.388889  0.388889  0.194444  0.0972222 
0.0277778  0  0  0  0  0  0  0  0  0  0  0  0  0  0  0 
0.111111  0.111111  0.0555556  0.0277778  0  0  0  0  0  0  0  0  0  0  0  0 
0.111111  0  0  0  0.111111  0  0  0  0.0555556  0  0  0  0.0277778  0  0  0 
0.0277778  0.0555556  0.111111  0.0972222  0  0  0  0  0  0  0  0  0  0  0  0 
0.0277778  0  0  0  0.0555556  0  0  0  0.111111  0  0  0  0.0972222  0  0  0 
0  0  0  0.0416667  0  0  0  0  0  0  0  0  0  0  0  0 
0  0  0  0.166667  0  0  0  0.166667  0  0  0  0.0833333  0  0  0  0.0416667 
0  0  0  0.0416667  0  0  0  0.0833333  0  0  0  0.166667  0  0  0  0.145833 
0  0  0  0  0  0  0  0  0  0  0  0  0.0416667  0.0833333  0.166667  0.145833 
0  0  0  0  0  0  0  0  0  0  0  0  0.166667  0.166667  0.0833333  0.0416667 
0  0  0  0  0  0  0  0  0  0  0  0  0  0  0  0.0625 
0  0  0  0  0  0  0  0  0  0  0  0  0.0416667  0  0  0 
41 16 0
67 68 78 77 56 57 66 58 76 59 69 79 88 87 89 86
0.388889  0.333333  0  0  0.388889  0.333333  0  0  0.194444  0.166667  0  0  0.0972222  0.0833333  0  0 
0.166667  0.333333  0.666667  0  0.166667  0.333333  0.666667  0  0.0833333  0.166667  0.333333  0  0.0416667  0.0833333  0.166667  0 
0.0416667  0.0833333  0.166667  0  0.0833333  0.166667  0.333333  0  0.166667  0.333333  0.666667  0  0.145833  0.291667  0.583333  0 
0.0972222  0.0833333  0  0  0.194444  0.166667  0  0  0.388889  0.333333  0  0  0.340278  0.291667  0  0 
0.0277778  0  0  0  0  0  0  0  0  0  0  0  0  0  0  0 
0.0972222  0.0833333  0  0  0  0  0  0  0  0  0  0  0  0  0  0 
0.111111  0  0  0  0.111111  0  0  0  0.0555556  0  0  0  0.0277778  0  0  0 
0.0416667  0.0833333  0.166667  0  0  0  0  0  0  0  0  0  0  0  0  0 
0.0277778  0  0  0  0.0555556  0  0  0  0.111111  0  0  0  0.0972222  0  0  0 
0  0  0  0.166667  0  0  0  0  0  0  0  0  0  0  0  0 
0  0  0  0.666667  0  0  0  0.666667  0  0  0  0.333333  0  0  0  0.166667 
0  0  0  0.166667  0  0  0  0.333333  0  0  0  0.666667  0  0  0  0.583333 
0  0  0  0  0  0  0  0  0  0  0  0  0.0625  0.125  0.25  0 
0  0  0  0  0  0  0  0  0  0  0  0  0.145833  0.125  0  0 
0  0  0  0  0  0  0  0  0  0  0  0  0  0  0  0.25 
0  0  0  0  0  0  0  0  0  0  0  0  0.0416667  0  0  0 
42 16 0
71 72 82 81 60 61 70 62 80 63 73 83 92 91 93 90
0  0.583333  0.291667  0.145833  0  0.5  0.25  0.125  0  0  0  0  0  0  0  0 
0  0  0.291667  0.340278  0  0  0.25  0.291667  0  0  0  0  0  0  0  0 
0  0  0.125  0.145833  0  0  0.25  0.291667  0  0  0.5  0.583333  0  0  0  0 
0  0.25  0.125  0.0625  0  0.5  0.25  0.125  0  1  0.5  0.25  0  0  0  0 
0.166667  0  0  0  0  0  0  0  0  0  0  0  0  0  0  0 
0  0.166667  0.0833333  0.0416667  0  0  0  0  0  0  0  0  0  0  0  0 
0.583333  0  0  0  0.5  0  0  0  0  0  0  0  0  0  0  0 
0  0  0.0833333  0.0972222  0  0  0  0  0  0  0  0  0  0  0  0 
0.25  0  0  0  0.5  0  0  0  1  0  0  0  0  0  0  0 
0  0  0  0.0277778  0  0  0  0  0  0  0  0  0  0  0  0 
0  0  0  0.0972222  0  0  0  0.0833333  0  0  0  0  0  0  0  0 
0  0  0  0.0416667  0  0  0  0.0833333  0  0  0  0.166667  0  0  0  0 
0  0  0  0  0  0  0  0  0  0  0  0  0  0  0.5  0.583333 
0  0  0  0  0  0  0  0  0  0  0  0  0  1  0.5  0.25 
0  0  0  0  0  0  0  0  0  0  0  0  0  0  0  0.166667 
0  0  0  0  0  0  0  0  0  0  0  0  1  0  0  0 
43 16 0
72 73 83 82 61 62 71 63 81 64 74 84 93 92 94 91
0.340278  0.388889  0.194444  0.0972222  0.291667  0.333333  0.166667  0.0833333  0  0  0  0  0  0  0  0 
0.0972222  0.194444  0.388889  0.388889  0.0833333  0.166667  0.333333  0.333333  0  0  0  0  0  0  0  0 
0.0416667  0.0833333  0.166667  0.166667  0.0833333  0.166667  0.333333  0.333333  0.166667  0.333333  0.666667  0.666667  0  0  0  0 
0.145833  0.166667  0.0833333  0.0416667  0.291667  0.333333  0.166667  0.0833333  0.583333  0.666667  0.333333  0.166667  0  0  0  0 
0.0416667  0  0  0  0  0  0  0  0  0  0  0  0  0  0  0 
0.0972222  0.111111  0.0555556  0.0277778  0  0  0  0  0  0  0  0  0  0  0  0 
0.145833  0  0  0  0.125  0  0  0  0  0  0  0  0  0  0  0 
0.0277778  0.0555556  0.111111  0.111111  0  0  0  0  0  0  0  0  0  0  0  0 
0.0625  0  0  0  0.125  0  0  0  0.25  0  0  0  0  0  0  0 
0  0  0  0.0277778  0  0  0  0  0  0  0  0  0  0  0  0 
0  0  0  0.0972222  0  0  0  0.0833333  0  0  0  0  0  0  0  0 
0  0  0  0.0416667  0  0  0  0.0833333  0  0  0  0.166667  0  0  0  0 
0  0  0  0  0  0  0  0  0  0  0  0  0.166667  0.333333  0.666667  0.666667 
0  0  0  0  0  0  0  0  0  0  0  0  0.583333  0.666667  0.333333  0.166667 
0  0  0  0  0  0  0  0  0  0  0  0  0  0  0  0.166667 
0  0  0  0  0  0  0  0  0  0  0  0  0.25  0  0  0 
44 16 0
73 74 84 83 62 63 72 64 82 65 75 85 94 93 95 92
0.388889  0.388889  0.194444  0.0972222  0.333333  0.333333  0.166667  0.0833333  0  0  0  0  0  0  0  0 
0.0972222  0.194444  0.388889  0.388889  0.0833333  0.166667  0.333333  0.333333  0  0  0  0  0  0  0  0 
0.0416667  0.0833333  0.166667  0.166667  0.0833333  0.166667  0.333333  0.333333  0.166667  0.333333  0.666667  0.666667  0  0  0  0 
0.166667  0.166667  0.0833333  0.0416667  0.333333  0.333333  0.166667  0.0833333  0.666667  0.666667  0.333333  0.166667  0  0  0  0 
0.0277778  0  0  0  0  0  0  0  0  0  0  0  0  0  0  0 
0.111111  0.111111  0.0555556  0.0277778  0  0  0  0  0  0  0  0  0  0  0  0 
0.0972222  0  0  0  0.0833333  0  0  0  0  0  0  0  0  0  0  0 
0.0277778  0.0555556  0.111111  0.111111  0  0  0  0  0  0  0  0  0  0  0  0 
0.0416667  0  0  0  0.0833333  0  0  0  0.166667  0  0  0  0  0  0  0 
0  0  0  0.0277778  0  0  0  0  0  0  0  0  0  0  0  0 
0  0  0  0.0972222  0  0  0  0.0833333  0  0  0  0  0  0  0  0 
0  0  0  0.0416667  0  0  0  0.0833333  0  0  0  0.166667  0  0  0  0 
0  0  0  0  0  0  0  0  0  0  0  0  0.166667  0.333333  0.666667  0.666667 
0  0  0  0  0  0  0  0  0  0  0  0  0.666667  0.666667  0.333333  0.166667 
0  0  0  0  0  0  0  0  0  0  0  0  0  0  0  0.166667 
0  0  0  0  0  0  0  0  0  0  0  0  0.166667  0  0  0 
45 16 0
74 75 85 84 63 64 73 65 83 66 76 86 95 94 96 93
0.388889  0.388889  0.194444  0.0972222  0.333333  0.333333  0.166667  0.0833333  0  0  0  0  0  0  0  0 
0.0972222  0.194444  0.388889  0.388889  0.0833333  0.166667  0.333333  0.333333  0  0  0  0  0  0  0  0 
0.0416667  0.0833333  0.166667  0.166667  0.0833333  0.166667  0.333333  0.333333  0.166667  0.333333  0.666667  0.666667  0  0  0  0 
0.166667  0.166667  0.0833333  0.0416667  0.333333  0.333333  0.166667  0.0833333  0.666667  0.666667  0.333333  0.166667  0  0  0  0 
0.0277778  0  0  0  0  0  0  0  0  0  0  0  0  0  0  0 
0.111111  0.111111  0.0555556  0.0277778  0  0  0  0  0  0  0  0  0  0  0  0 
0.0972222  0  0  0  0.0833333  0  0  0  0  0  0  0  0  0  0  0 
0.0277778  0.0555556  0.111111  0.111111  0  0  0  0  0  0  0  0  0  0  0  0 
0.0416667  0  0  0  0.0833333  0  0  0  0.166667  0  0  0  0  0  0  0 
0  0  0  0.0277778  0  0  0  0  0  0  0  0  0  0  0  0 
0  0  0  0.0972222  0  0  0  0.0833333  0  0  0  0  0  0  0  0 
0  0  0  0.0416667  0  0  0  0.0833333  0  0  0  0.166667  0  0  0  0 
0  0  0  0  0  0  0  0  0  0  0  0  0.166667  0.333333  0.666667  0.666667 
0  0  0  0  0  0  0  0  0  0  0  0  0.666667  0.666667  0.333333  0.166667 
0  0  0  0  0  0  0  0  0  0  0  0  0  0  0  0.166667 
0  0  0  0  0  0  0  0  0  0  0  0  0.166667  0  0  0 
46 16 0
75 76 86 85 64 65 74 66 84 67 77 87 96 95 97 94
0.388889  0.388889  0.194444  0.0972222  0.333333  0.333333  0.166667  0.0833333  0  0  0  0  0  0  0  0 
0.0972222  0.194444  0.388889  0.388889  0.0833333  0.166667  0.333333  0.333333  0  0  0  0  0  0  0  0 
0.0416667  0.0833333  0.166667  0.166667  0.0833333  0.166667  0.333333  0.333333  0.166667  0.333333  0.666667  0.666667  0  0  0  0 
0.166667  0.166667  0.0833333  0.0416667  0.333333  0.333333  0.166667  0.0833333  0.666667  0.666667  0.333333  0.166667  0  0  0  0 
0.0277778  0  0  0  0  0  0  0  0  0  0  0  0  0  0  0 
0.111111  0.111111  0.0555556  0.0277778  0  0  0  0  0  0  0  0  0  0  0  0 
0.0972222  0  0  0  0.0833333  0  0  0  0  0  0  0  0  0  0  0 
0.0277778  0.0555556  0.111111  0.111111  0  0  0  0  0  0  0  0  0  0  0  0 
0.0416667  0  0  0  0.0833333  0  0  0  0.166667  0  0  0  0  0  0  0 
0  0  0  0.0277778  0  0  0  0  0  0  0  0  0  0  0  0 
0  0  0  0.0972222  0  0  0  0.0833333  0  0  0  0  0  0  0  0 
0  0  0  0.0416667  0  0  0  0.0833333  0  0  0  0.166667  0  0  0  0 
0  0  0  0  0  0  0  0  0  0  0  0  0.166667  0.333333  0.666667  0.666667 
0  0  0  0  0  0  0  0  0  0  0  0  0.666667  0.666667  0.333333  0.166667 
0  0  0  0  0  0  0  0  0  0  0  0  0  0  0  0.166667 
0  0  0  0  0  0  0  0  0  0  0  0  0.166667  0  0  0 
47 16 0
76 77 87 86 65 66 75 67 85 68 78 88 97 96 98 95
0.388889  0.388889  0.194444  0.0972222  0.333333  0.333333  0.166667  0.0833333  0  0  0  0  0  0  0  0 
0.0972222  0.194444  0.388889  0.340278  0.0833333  0.166667  0.333333  0.291667  0  0  0  0  0  0  0  0 
0.0416667  0.0833333  0.166667  0.145833  0.0833333  0.166667  0.333333  0.291667  0.166667  0.333333  0.666667  0.583333  0  0  0  0 
0.166667  0.166667  0.0833333  0.0416667  0.333333  0.333333  0.166667  0.0833333  0.666667  0.666667  0.333333  0.166667  0  0  0  0 
0.0277778  0  0  0  0  0  0  0  0  0  0  0  0  0  0  0 
0.111111  0.111111  0.0555556  0.0277778  0  0  0  0  0  0  0  0  0  0  0  0 
0.0972222  0  0  0  0.0833333  0  0  0  0  0  0  0  0  0  0  0 
0.0277778  0.0555556  0.111111  0.0972222  0  0  0  0  0  0  0  0  0  0  0  0 
0.0416667  0  0  0  0.0833333  0  0  0  0.166667  0  0  0  0  0  0  0 
0  0  0  0.0416667  0  0  0  0  0  0  0  0  0  0  0  0 
0  0  0  0.145833  0  0  0  0.125  0  0  0  0  0  0  0  0 
0  0  0  0.0625  0  0  0  0.125  0  0  0  0.25  0  0  0  0 
0  0  0  0  0  0  0  0  0  0  0  0  0.166667  0.333333  0.666667  0.583333 
0  0  0  0  0  0  0  0  0  0  0  0  0.666667  0.666667  0.333333  0.166667 
0  0  0  0  0  0  0  0  0  0  0  0  0  0  0  0.25 
0  0  0  0  0  0  0  0  0  0  0  0  0.166667  0  0  0 
48 16 0
77 78 88 87 66 67 76 68 86 69 79 89 98 97 99 96
0.340278  0.291667  0  0  0.291667  0.25  0  0  0  0  0  0  0  0  0  0 
0.145833  0.291667  0.583333  0  0.125  0.25  0.5  0  0  0  0  0  0  0  0  0 
0.0625  0.125  0.25  0  0.125  0.25  0.5  0  0.25  0.5  1  0  0  0  0  0 
0.145833  0.125  0  0  0.291667  0.25  0  0  0.583333  0.5  0  0  0  0  0  0 
0.0277778  0  0  0  0  0  0  0  0  0  0  0  0  0  0  0 
0.0972222  0.0833333  0  0  0  0  0  0  0  0  0  0  0  0  0  0 
0.0972222  0  0  0  0.0833333  0  0  0  0  0  0  0  0  0  0  0 
0.0416667  0.0833333  0.166667  0  0  0  0  0  0  0  0  0  0  0  0  0 
0.0416667  0  0  0  0.0833333  0  0  0  0.166667  0  0  0  0  0  0  0 
0  0  0  0.166667  0  0  0  0  0  0  0  0  0  0  0  0 
0  0  0  0.583333  0  0  0  0.5  0  0  0  0  0  0  0  0 
0  0  0  0.25  0  0  0  0.5  0  0  0  1  0  0  0  0 
0  0  0  0  0  0  0  0  0  0  0  0  0.25  0.5  1  0 
0  0  0  0  0  0  0  0  0  0  0  0  0.583333  0.5  0  0 
0  0  0  0  0  0  0  0  0  0  0  0  0  0  0  1 
0  0  0  0  0  0  0  0  0  0  0  0  0.166667  0  0  0 