900
35 36 69 68 1 2 34 3 67 4 37 70 102 101 103 100
36 37 70 69 2 3 35 4 68 5 38 71 103 102 104 101
37 38 71 70 3 4 36 5 69 6 39 72 104 103 105 102
38 39 72 71 4 5 37 6 70 7 40 73 105 104 106 103
39 40 73 72 5 6 38 7 71 8 41 74 106 105 107 104
40 41 74 73 6 7 39 8 72 9 42 75 107 106 108 105
41 42 75 74 7 8 40 9 73 10 43 76 108 107 109 106
42 43 76 75 8 9 41 10 74 11 44 77 109 108 110 107
43 44 77 76 9 10 42 11 75 12 45 78 110 109 111 108
44 45 78 77 10 11 43 12 76 13 46 79 111 110 112 109
45 46 79 78 11 12 44 13 77 14 47 80 112 111 113 110
46 47 80 79 12 13 45 14 78 15 48 81 113 112 114 111
47 48 81 80 13 14 46 15 79 16 49 82 114 113 115 112
48 49 82 81 14 15 47 16 80 17 50 83 115 114 116 113
49 50 83 82 15 16 48 17 81 18 51 84 116 115 117 114
50 51 84 83 16 17 49 18 82 19 52 85 117 116 118 115
51 52 85 84 17 18 50 19 83 20 53 86 118 117 119 116
52 53 86 85 18 19 51 20 84 21 54 87 119 118 120 117
53 54 87 86 19 20 52 21 85 22 55 88 120 119 121 118
54 55 88 87 20 21 53 22 86 23 56 89 121 120 122 119
55 56 89 88 21 22 54 23 87 24 57 90 122 121 123 120
56 57 90 89 22 23 55 24 88 25 58 91 123 122 124 121
57 58 91 90 23 24 56 25 89 26 59 92 124 123 125 122
58 59 92 91 24 25 57 26 90 27 60 93 125 124 126 123
59 60 93 92 25 26 58 27 91 28 61 94 126 125 127 124
60 61 94 93 26 27 59 28 92 29 62 95 127 126 128 125
61 62 95 94 27 28 60 29 93 30 63 96 128 127 129 126
62 63 96 95 28 29 61 30 94 31 64 97 129 128 130 127
63 64 97 96 29 30 62 31 95 32 65 98 130 129 131 128
64 65 98 97 30 31 63 32 96 33 66 99 131 130 132 129
68 69 102 101 34 35 67 36 100 37 70 103 135 134 136 133
69 70 103 102 35 36 68 37 101 38 71 104 136 135 137 134
70 71 104 103 36 37 69 38 102 39 72 105 137 136 138 135
71 72 105 104 37 38 70 39 103 40 73 106 138 137 139 136
72 73 106 105 38 39 71 40 104 41 74 107 139 138 140 137
73 74 107 106 39 40 72 41 105 42 75 108 140 139 141 138
74 75 108 107 40 41 73 42 106 43 76 109 141 140 142 139
75 76 109 108 41 42 74 43 107 44 77 110 142 141 143 140
76 77 110 109 42 43 75 44 108 45 78 111 143 142 144 141
77 78 111 110 43 44 76 45 109 46 79 112 144 143 145 142
78 79 112 111 44 45 77 46 110 47 80 113 145 144 146 143
79 80 113 112 45 46 78 47 111 48 81 114 146 145 147 144
80 81 114 113 46 47 79 48 112 49 82 115 147 146 148 145
81 82 115 114 47 48 80 49 113 50 83 116 148 147 149 146
82 83 116 115 48 49 81 50 114 51 84 117 149 148 150 147
83 84 117 116 49 50 82 51 115 52 85 118 150 149 151 148
84 85 118 117 50 51 83 52 116 53 86 119 151 150 152 149
85 86 119 118 51 52 84 53 117 54 87 120 152 151 153 150
86 87 120 119 52 53 85 54 118 55 88 121 153 152 154 151
87 88 121 120 53 54 86 55 119 56 89 122 154 153 155 152
88 89 122 121 54 55 87 56 120 57 90 123 155 154 156 153
89 90 123 122 55 56 88 57 121 58 91 124 156 155 157 154
90 91 124 123 56 57 89 58 122 59 92 125 157 156 158 155
91 92 125 124 57 58 90 59 123 60 93 126 158 157 159 156
92 93 126 125 58 59 91 60 124 61 94 127 159 158 160 157
93 94 127 126 59 60 92 61 125 62 95 128 160 159 161 158
94 95 128 127 60 61 93 62 126 63 96 129 161 160 162 159
95 96 129 128 61 62 94 63 127 64 97 130 162 161 163 160
96 97 130 129 62 63 95 64 128 65 98 131 163 162 164 161
97 98 131 130 63 64 96 65 129 66 99 132 164 163 165 162
101 102 135 134 67 68 100 69 133 70 103 136 168 167 169 166
102 103 136 135 68 69 101 70 134 71 104 137 169 168 170 167
103 104 137 136 69 70 102 71 135 72 105 138 170 169 171 168
104 105 138 137 70 71 103 72 136 73 106 139 171 170 172 169
105 106 139 138 71 72 104 73 137 74 107 140 172 171 173 170
106 107 140 139 72 73 105 74 138 75 108 141 173 172 174 171
107 108 141 140 73 74 106 75 139 76 109 142 174 173 175 172
108 109 142 141 74 75 107 76 140 77 110 143 175 174 176 173
109 110 143 142 75 76 108 77 141 78 111 144 176 175 177 174
110 111 144 143 76 77 109 78 142 79 112 145 177 176 178 175
111 112 145 144 77 78 110 79 143 80 113 146 178 177 179 176
112 113 146 145 78 79 111 80 144 81 114 147 179 178 180 177
113 114 147 146 79 80 112 81 145 82 115 148 180 179 181 178
114 115 148 147 80 81 113 82 146 83 116 149 181 180 182 179
115 116 149 148 81 82 114 83 147 84 117 150 182 181 183 180
116 117 150 149 82 83 115 84 148 85 118 151 183 182 184 181
117 118 151 150 83 84 116 85 149 86 119 152 184 183 185 182
118 119 152 151 84 85 117 86 150 87 120 153 185 184 186 183
119 120 153 152 85 86 118 87 151 88 121 154 186 185 187 184
120 121 154 153 86 87 119 88 152 89 122 155 187 186 188 185
121 122 155 154 87 88 120 89 153 90 123 156 188 187 189 186
122 123 156 155 88 89 121 90 154 91 124 157 189 188 190 187
123 124 157 156 89 90 122 91 155 92 125 158 190 189 191 188
124 125 158 157 90 91 123 92 156 93 126 159 191 190 192 189
125 126 159 158 91 92 124 93 157 94 127 160 192 191 193 190
126 127 160 159 92 93 125 94 158 95 128 161 193 192 194 191
127 128 161 160 93 94 126 95 159 96 129 162 194 193 195 192
128 129 162 161 94 95 127 96 160 97 130 163 195 194 196 193
129 130 163 162 95 96 128 97 161 98 131 164 196 195 197 194
130 131 164 163 96 97 129 98 162 99 132 165 197 196 198 195
134 135 168 167 100 101 133 102 166 103 136 169 201 200 202 199
135 136 169 168 101 102 134 103 167 104 137 170 202 201 203 200
136 137 170 169 102 103 135 104 168 105 138 171 203 202 204 201
137 138 171 170 103 104 136 105 169 106 139 172 204 203 205 202
138 139 172 171 104 105 137 106 170 107 140 173 205 204 206 203
139 140 173 172 105 106 138 107 171 108 141 174 206 205 207 204
140 141 174 173 106 107 139 108 172 109 142 175 207 206 208 205
141 142 175 174 107 108 140 109 173 110 143 176 208 207 209 206
142 143 176 175 108 109 141 110 174 111 144 177 209 208 210 207
143 144 177 176 109 110 142 111 175 112 145 178 210 209 211 208
144 145 178 177 110 111 143 112 176 113 146 179 211 210 212 209
145 146 179 178 111 112 144 113 177 114 147 180 212 211 213 210
146 147 180 179 112 113 145 114 178 115 148 181 213 212 214 211
147 148 181 180 113 114 146 115 179 116 149 182 214 213 215 212
148 149 182 181 114 115 147 116 180 117 150 183 215 214 216 213
149 150 183 182 115 116 148 117 181 118 151 184 216 215 217 214
150 151 184 183 116 117 149 118 182 119 152 185 217 216 218 215
151 152 185 184 117 118 150 119 183 120 153 186 218 217 219 216
152 153 186 185 118 119 151 120 184 121 154 187 219 218 220 217
153 154 187 186 119 120 152 121 185 122 155 188 220 219 221 218
154 155 188 187 120 121 153 122 186 123 156 189 221 220 222 219
155 156 189 188 121 122 154 123 187 124 157 190 222 221 223 220
156 157 190 189 122 123 155 124 188 125 158 191 223 222 224 221
157 158 191 190 123 124 156 125 189 126 159 192 224 223 225 222
158 159 192 191 124 125 157 126 190 127 160 193 225 224 226 223
159 160 193 192 125 126 158 127 191 128 161 194 226 225 227 224
160 161 194 193 126 127 159 128 192 129 162 195 227 226 228 225
161 162 195 194 127 128 160 129 193 130 163 196 228 227 229 226
162 163 196 195 128 129 161 130 194 131 164 197 229 228 230 227
163 164 197 196 129 130 162 131 195 132 165 198 230 229 231 228
167 168 201 200 133 134 166 135 199 136 169 202 234 233 235 232
168 169 202 201 134 135 167 136 200 137 170 203 235 234 236 233
169 170 203 202 135 136 168 137 201 138 171 204 236 235 237 234
170 171 204 203 136 137 169 138 202 139 172 205 237 236 238 235
171 172 205 204 137 138 170 139 203 140 173 206 238 237 239 236
172 173 206 205 138 139 171 140 204 141 174 207 239 238 240 237
173 174 207 206 139 140 172 141 205 142 175 208 240 239 241 238
174 175 208 207 140 141 173 142 206 143 176 209 241 240 242 239
175 176 209 208 141 142 174 143 207 144 177 210 242 241 243 240
176 177 210 209 142 143 175 144 208 145 178 211 243 242 244 241
177 178 211 210 143 144 176 145 209 146 179 212 244 243 245 242
178 179 212 211 144 145 177 146 210 147 180 213 245 244 246 243
179 180 213 212 145 146 178 147 211 148 181 214 246 245 247 244
180 181 214 213 146 147 179 148 212 149 182 215 247 246 248 245
181 182 215 214 147 148 180 149 213 150 183 216 248 247 249 246
182 183 216 215 148 149 181 150 214 151 184 217 249 248 250 247
183 184 217 216 149 150 182 151 215 152 185 218 250 249 251 248
184 185 218 217 150 151 183 152 216 153 186 219 251 250 252 249
185 186 219 218 151 152 184 153 217 154 187 220 252 251 253 250
186 187 220 219 152 153 185 154 218 155 188 221 253 252 254 251
187 188 221 220 153 154 186 155 219 156 189 222 254 253 255 252
188 189 222 221 154 155 187 156 220 157 190 223 255 254 256 253
189 190 223 222 155 156 188 157 221 158 191 224 256 255 257 254
190 191 224 223 156 157 189 158 222 159 192 225 257 256 258 255
191 192 225 224 157 158 190 159 223 160 193 226 258 257 259 256
192 193 226 225 158 159 191 160 224 161 194 227 259 258 260 257
193 194 227 226 159 160 192 161 225 162 195 228 260 259 261 258
194 195 228 227 160 161 193 162 226 163 196 229 261 260 262 259
195 196 229 228 161 162 194 163 227 164 197 230 262 261 263 260
196 197 230 229 162 163 195 164 228 165 198 231 263 262 264 261
200 201 234 233 166 167 199 168 232 169 202 235 267 266 268 265
201 202 235 234 167 168 200 169 233 170 203 236 268 267 269 266
202 203 236 235 168 169 201 170 234 171 204 237 269 268 270 267
203 204 237 236 169 170 202 171 235 172 205 238 270 269 271 268
204 205 238 237 170 171 203 172 236 173 206 239 271 270 272 269
205 206 239 238 171 172 204 173 237 174 207 240 272 271 273 270
206 207 240 239 172 173 205 174 238 175 208 241 273 272 274 271
207 208 241 240 173 174 206 175 239 176 209 242 274 273 275 272
208 209 242 241 174 175 207 176 240 177 210 243 275 274 276 273
209 210 243 242 175 176 208 177 241 178 211 244 276 275 277 274
210 211 244 243 176 177 209 178 242 179 212 245 277 276 278 275
211 212 245 244 177 178 210 179 243 180 213 246 278 277 279 276
212 213 246 245 178 179 211 180 244 181 214 247 279 278 280 277
213 214 247 246 179 180 212 181 245 182 215 248 280 279 281 278
214 215 248 247 180 181 213 182 246 183 216 249 281 280 282 279
215 216 249 248 181 182 214 183 247 184 217 250 282 281 283 280
216 217 250 249 182 183 215 184 248 185 218 251 283 282 284 281
217 218 251 250 183 184 216 185 249 186 219 252 284 283 285 282
218 219 252 251 184 185 217 186 250 187 220 253 285 284 286 283
219 220 253 252 185 186 218 187 251 188 221 254 286 285 287 284
220 221 254 253 186 187 219 188 252 189 222 255 287 286 288 285
221 222 255 254 187 188 220 189 253 190 223 256 288 287 289 286
222 223 256 255 188 189 221 190 254 191 224 257 289 288 290 287
223 224 257 256 189 190 222 191 255 192 225 258 290 289 291 288
224 225 258 257 190 191 223 192 256 193 226 259 291 290 292 289
225 226 259 258 191 192 224 193 257 194 227 260 292 291 293 290
226 227 260 259 192 193 225 194 258 195 228 261 293 292 294 291
227 228 261 260 193 194 226 195 259 196 229 262 294 293 295 292
228 229 262 261 194 195 227 196 260 197 230 263 295 294 296 293
229 230 263 262 195 196 228 197 261 198 231 264 296 295 297 294
233 234 267 266 199 200 232 201 265 202 235 268 300 299 301 298
234 235 268 267 200 201 233 202 266 203 236 269 301 300 302 299
235 236 269 268 201 202 234 203 267 204 237 270 302 301 303 300
236 237 270 269 202 203 235 204 268 205 238 271 303 302 304 301
237 238 271 270 203 204 236 205 269 206 239 272 304 303 305 302
238 239 272 271 204 205 237 206 270 207 240 273 305 304 306 303
239 240 273 272 205 206 238 207 271 208 241 274 306 305 307 304
240 241 274 273 206 207 239 208 272 209 242 275 307 306 308 305
241 242 275 274 207 208 240 209 273 210 243 276 308 307 309 306
242 243 276 275 208 209 241 210 274 211 244 277 309 308 310 307
243 244 277 276 209 210 242 211 275 212 245 278 310 309 311 308
244 245 278 277 210 211 243 212 276 213 246 279 311 310 312 309
245 246 279 278 211 212 244 213 277 214 247 280 312 311 313 310
246 247 280 279 212 213 245 214 278 215 248 281 313 312 314 311
247 248 281 280 213 214 246 215 279 216 249 282 314 313 315 312
248 249 282 281 214 215 247 216 280 217 250 283 315 314 316 313
249 250 283 282 215 216 248 217 281 218 251 284 316 315 317 314
250 251 284 283 216 217 249 218 282 219 252 285 317 316 318 315
251 252 285 284 217 218 250 219 283 220 253 286 318 317 319 316
252 253 286 285 218 219 251 220 284 221 254 287 319 318 320 317
253 254 287 286 219 220 252 221 285 222 255 288 320 319 321 318
254 255 288 287 220 221 253 222 286 223 256 289 321 320 322 319
255 256 289 288 221 222 254 223 287 224 257 290 322 321 323 320
256 257 290 289 222 223 255 224 288 225 258 291 323 322 324 321
257 258 291 290 223 224 256 225 289 226 259 292 324 323 325 322
258 259 292 291 224 225 257 226 290 227 260 293 325 324 326 323
259 260 293 292 225 226 258 227 291 228 261 294 326 325 327 324
260 261 294 293 226 227 259 228 292 229 262 295 327 326 328 325
261 262 295 294 227 228 260 229 293 230 263 296 328 327 329 326
262 263 296 295 228 229 261 230 294 231 264 297 329 328 330 327
266 267 300 299 232 233 265 234 298 235 268 301 333 332 334 331
267 268 301 300 233 234 266 235 299 236 269 302 334 333 335 332
268 269 302 301 234 235 267 236 300 237 270 303 335 334 336 333
269 270 303 302 235 236 268 237 301 238 271 304 336 335 337 334
270 271 304 303 236 237 269 238 302 239 272 305 337 336 338 335
271 272 305 304 237 238 270 239 303 240 273 306 338 337 339 336
272 273 306 305 238 239 271 240 304 241 274 307 339 338 340 337
273 274 307 306 239 240 272 241 305 242 275 308 340 339 341 338
274 275 308 307 240 241 273 242 306 243 276 309 341 340 342 339
275 276 309 308 241 242 274 243 307 244 277 310 342 341 343 340
276 277 310 309 242 243 275 244 308 245 278 311 343 342 344 341
277 278 311 310 243 244 276 245 309 246 279 312 344 343 345 342
278 279 312 311 244 245 277 246 310 247 280 313 345 344 346 343
279 280 313 312 245 246 278 247 311 248 281 314 346 345 347 344
280 281 314 313 246 247 279 248 312 249 282 315 347 346 348 345
281 282 315 314 247 248 280 249 313 250 283 316 348 347 349 346
282 283 316 315 248 249 281 250 314 251 284 317 349 348 350 347
283 284 317 316 249 250 282 251 315 252 285 318 350 349 351 348
284 285 318 317 250 251 283 252 316 253 286 319 351 350 352 349
285 286 319 318 251 252 284 253 317 254 287 320 352 351 353 350
286 287 320 319 252 253 285 254 318 255 288 321 353 352 354 351
287 288 321 320 253 254 286 255 319 256 289 322 354 353 355 352
288 289 322 321 254 255 287 256 320 257 290 323 355 354 356 353
289 290 323 322 255 256 288 257 321 258 291 324 356 355 357 354
290 291 324 323 256 257 289 258 322 259 292 325 357 356 358 355
291 292 325 324 257 258 290 259 323 260 293 326 358 357 359 356
292 293 326 325 258 259 291 260 324 261 294 327 359 358 360 357
293 294 327 326 259 260 292 261 325 262 295 328 360 359 361 358
294 295 328 327 260 261 293 262 326 263 296 329 361 360 362 359
295 296 329 328 261 262 294 263 327 264 297 330 362 361 363 360
299 300 333 332 265 266 298 267 331 268 301 334 366 365 367 364
300 301 334 333 266 267 299 268 332 269 302 335 367 366 368 365
301 302 335 334 267 268 300 269 333 270 303 336 368 367 369 366
302 303 336 335 268 269 301 270 334 271 304 337 369 368 370 367
303 304 337 336 269 270 302 271 335 272 305 338 370 369 371 368
304 305 338 337 270 271 303 272 336 273 306 339 371 370 372 369
305 306 339 338 271 272 304 273 337 274 307 340 372 371 373 370
306 307 340 339 272 273 305 274 338 275 308 341 373 372 374 371
307 308 341 340 273 274 306 275 339 276 309 342 374 373 375 372
308 309 342 341 274 275 307 276 340 277 310 343 375 374 376 373
309 310 343 342 275 276 308 277 341 278 311 344 376 375 377 374
310 311 344 343 276 277 309 278 342 279 312 345 377 376 378 375
311 312 345 344 277 278 310 279 343 280 313 346 378 377 379 376
312 313 346 345 278 279 311 280 344 281 314 347 379 378 380 377
313 314 347 346 279 280 312 281 345 282 315 348 380 379 381 378
314 315 348 347 280 281 313 282 346 283 316 349 381 380 382 379
315 316 349 348 281 282 314 283 347 284 317 350 382 381 383 380
316 317 350 349 282 283 315 284 348 285 318 351 383 382 384 381
317 318 351 350 283 284 316 285 349 286 319 352 384 383 385 382
318 319 352 351 284 285 317 286 350 287 320 353 385 384 386 383
319 320 353 352 285 286 318 287 351 288 321 354 386 385 387 384
320 321 354 353 286 287 319 288 352 289 322 355 387 386 388 385
321 322 355 354 287 288 320 289 353 290 323 356 388 387 389 386
322 323 356 355 288 289 321 290 354 291 324 357 389 388 390 387
323 324 357 356 289 290 322 291 355 292 325 358 390 389 391 388
324 325 358 357 290 291 323 292 356 293 326 359 391 390 392 389
325 326 359 358 291 292 324 293 357 294 327 360 392 391 393 390
326 327 360 359 292 293 325 294 358 295 328 361 393 392 394 391
327 328 361 360 293 294 326 295 359 296 329 362 394 393 395 392
328 329 362 361 294 295 327 296 360 297 330 363 395 394 396 393
332 333 366 365 298 299 331 300 364 301 334 367 399 398 400 397
333 334 367 366 299 300 332 301 365 302 335 368 400 399 401 398
334 335 368 367 300 301 333 302 366 303 336 369 401 400 402 399
335 336 369 368 301 302 334 303 367 304 337 370 402 401 403 400
336 337 370 369 302 303 335 304 368 305 338 371 403 402 404 401
337 338 371 370 303 304 336 305 369 306 339 372 404 403 405 402
338 339 372 371 304 305 337 306 370 307 340 373 405 404 406 403
339 340 373 372 305 306 338 307 371 308 341 374 406 405 407 404
340 341 374 373 306 307 339 308 372 309 342 375 407 406 408 405
341 342 375 374 307 308 340 309 373 310 343 376 408 407 409 406
342 343 376 375 308 309 341 310 374 311 344 377 409 408 410 407
343 344 377 376 309 310 342 311 375 312 345 378 410 409 411 408
344 345 378 377 310 311 343 312 376 313 346 379 411 410 412 409
345 346 379 378 311 312 344 313 377 314 347 380 412 411 413 410
346 347 380 379 312 313 345 314 378 315 348 381 413 412 414 411
347 348 381 380 313 314 346 315 379 316 349 382 414 413 415 412
348 349 382 381 314 315 347 316 380 317 350 383 415 414 416 413
349 350 383 382 315 316 348 317 381 318 351 384 416 415 417 414
350 351 384 383 316 317 349 318 382 319 352 385 417 416 418 415
351 352 385 384 317 318 350 319 383 320 353 386 418 417 419 416
352 353 386 385 318 319 351 320 384 321 354 387 419 418 420 417
353 354 387 386 319 320 352 321 385 322 355 388 420 419 421 418
354 355 388 387 320 321 353 322 386 323 356 389 421 420 422 419
355 356 389 388 321 322 354 323 387 324 357 390 422 421 423 420
356 357 390 389 322 323 355 324 388 325 358 391 423 422 424 421
357 358 391 390 323 324 356 325 389 326 359 392 424 423 425 422
358 359 392 391 324 325 357 326 390 327 360 393 425 424 426 423
359 360 393 392 325 326 358 327 391 328 361 394 426 425 427 424
360 361 394 393 326 327 359 328 392 329 362 395 427 426 428 425
361 362 395 394 327 328 360 329 393 330 363 396 428 427 429 426
365 366 399 398 331 332 364 333 397 334 367 400 432 431 433 430
366 367 400 399 332 333 365 334 398 335 368 401 433 432 434 431
367 368 401 400 333 334 366 335 399 336 369 402 434 433 435 432
368 369 402 401 334 335 367 336 400 337 370 403 435 434 436 433
369 370 403 402 335 336 368 337 401 338 371 404 436 435 437 434
370 371 404 403 336 337 369 338 402 339 372 405 437 436 438 435
371 372 405 404 337 338 370 339 403 340 373 406 438 437 439 436
372 373 406 405 338 339 371 340 404 341 374 407 439 438 440 437
373 374 407 406 339 340 372 341 405 342 375 408 440 439 441 438
374 375 408 407 340 341 373 342 406 343 376 409 441 440 442 439
375 376 409 408 341 342 374 343 407 344 377 410 442 441 443 440
376 377 410 409 342 343 375 344 408 345 378 411 443 442 444 441
377 378 411 410 343 344 376 345 409 346 379 412 444 443 445 442
378 379 412 411 344 345 377 346 410 347 380 413 445 444 446 443
379 380 413 412 345 346 378 347 411 348 381 414 446 445 447 444
380 381 414 413 346 347 379 348 412 349 382 415 447 446 448 445
381 382 415 414 347 348 380 349 413 350 383 416 448 447 449 446
382 383 416 415 348 349 381 350 414 351 384 417 449 448 450 447
383 384 417 416 349 350 382 351 415 352 385 418 450 449 451 448
384 385 418 417 350 351 383 352 416 353 386 419 451 450 452 449
385 386 419 418 351 352 384 353 417 354 387 420 452 451 453 450
386 387 420 419 352 353 385 354 418 355 388 421 453 452 454 451
387 388 421 420 353 354 386 355 419 356 389 422 454 453 455 452
388 389 422 421 354 355 387 356 420 357 390 423 455 454 456 453
389 390 423 422 355 356 388 357 421 358 391 424 456 455 457 454
390 391 424 423 356 357 389 358 422 359 392 425 457 456 458 455
391 392 425 424 357 358 390 359 423 360 393 426 458 457 459 456
392 393 426 425 358 359 391 360 424 361 394 427 459 458 460 457
393 394 427 426 359 360 392 361 425 362 395 428 460 459 461 458
394 395 428 427 360 361 393 362 426 363 396 429 461 460 462 459
398 399 432 431 364 365 397 366 430 367 400 433 465 464 466 463
399 400 433 432 365 366 398 367 431 368 401 434 466 465 467 464
400 401 434 433 366 367 399 368 432 369 402 435 467 466 468 465
401 402 435 434 367 368 400 369 433 370 403 436 468 467 469 466
402 403 436 435 368 369 401 370 434 371 404 437 469 468 470 467
403 404 437 436 369 370 402 371 435 372 405 438 470 469 471 468
404 405 438 437 370 371 403 372 436 373 406 439 471 470 472 469
405 406 439 438 371 372 404 373 437 374 407 440 472 471 473 470
406 407 440 439 372 373 405 374 438 375 408 441 473 472 474 471
407 408 441 440 373 374 406 375 439 376 409 442 474 473 475 472
408 409 442 441 374 375 407 376 440 377 410 443 475 474 476 473
409 410 443 442 375 376 408 377 441 378 411 444 476 475 477 474
410 411 444 443 376 377 409 378 442 379 412 445 477 476 478 475
411 412 445 444 377 378 410 379 443 380 413 446 478 477 479 476
412 413 446 445 378 379 411 380 444 381 414 447 479 478 480 477
413 414 447 446 379 380 412 381 445 382 415 448 480 479 481 478
414 415 448 447 380 381 413 382 446 383 416 449 481 480 482 479
415 416 449 448 381 382 414 383 447 384 417 450 482 481 483 480
416 417 450 449 382 383 415 384 448 385 418 451 483 482 484 481
417 418 451 450 383 384 416 385 449 386 419 452 484 483 485 482
418 419 452 451 384 385 417 386 450 387 420 453 485 484 486 483
419 420 453 452 385 386 418 387 451 388 421 454 486 485 487 484
420 421 454 453 386 387 419 388 452 389 422 455 487 486 488 485
421 422 455 454 387 388 420 389 453 390 423 456 488 487 489 486
422 423 456 455 388 389 421 390 454 391 424 457 489 488 490 487
423 424 457 456 389 390 422 391 455 392 425 458 490 489 491 488
424 425 458 457 390 391 423 392 456 393 426 459 491 490 492 489
425 426 459 458 391 392 424 393 457 394 427 460 492 491 493 490
426 427 460 459 392 393 425 394 458 395 428 461 493 492 494 491
427 428 461 460 393 394 426 395 459 396 429 462 494 493 495 492
431 432 465 464 397 398 430 399 463 400 433 466 498 497 499 496
432 433 466 465 398 399 431 400 464 401 434 467 499 498 500 497
433 434 467 466 399 400 432 401 465 402 435 468 500 499 501 498
434 435 468 467 400 401 433 402 466 403 436 469 501 500 502 499
435 436 469 468 401 402 434 403 467 404 437 470 502 501 503 500
436 437 470 469 402 403 435 404 468 405 438 471 503 502 504 501
437 438 471 470 403 404 436 405 469 406 439 472 504 503 505 502
438 439 472 471 404 405 437 406 470 407 440 473 505 504 506 503
439 440 473 472 405 406 438 407 471 408 441 474 506 505 507 504
440 441 474 473 406 407 439 408 472 409 442 475 507 506 508 505
441 442 475 474 407 408 440 409 473 410 443 476 508 507 509 506
442 443 476 475 408 409 441 410 474 411 444 477 509 508 510 507
443 444 477 476 409 410 442 411 475 412 445 478 510 509 511 508
444 445 478 477 410 411 443 412 476 413 446 479 511 510 512 509
445 446 479 478 411 412 444 413 477 414 447 480 512 511 513 510
446 447 480 479 412 413 445 414 478 415 448 481 513 512 514 511
447 448 481 480 413 414 446 415 479 416 449 482 514 513 515 512
448 449 482 481 414 415 447 416 480 417 450 483 515 514 516 513
449 450 483 482 415 416 448 417 481 418 451 484 516 515 517 514
450 451 484 483 416 417 449 418 482 419 452 485 517 516 518 515
451 452 485 484 417 418 450 419 483 420 453 486 518 517 519 516
452 453 486 485 418 419 451 420 484 421 454 487 519 518 520 517
453 454 487 486 419 420 452 421 485 422 455 488 520 519 521 518
454 455 488 487 420 421 453 422 486 423 456 489 521 520 522 519
455 456 489 488 421 422 454 423 487 424 457 490 522 521 523 520
456 457 490 489 422 423 455 424 488 425 458 491 523 522 524 521
457 458 491 490 423 424 456 425 489 426 459 492 524 523 525 522
458 459 492 491 424 425 457 426 490 427 460 493 525 524 526 523
459 460 493 492 425 426 458 427 491 428 461 494 526 525 527 524
460 461 494 493 426 427 459 428 492 429 462 495 527 526 528 525
464 465 498 497 430 431 463 432 496 433 466 499 531 530 532 529
465 466 499 498 431 432 464 433 497 434 467 500 532 531 533 530
466 467 500 499 432 433 465 434 498 435 468 501 533 532 534 531
467 468 501 500 433 434 466 435 499 436 469 502 534 533 535 532
468 469 502 501 434 435 467 436 500 437 470 503 535 534 536 533
469 470 503 502 435 436 468 437 501 438 471 504 536 535 537 534
470 471 504 503 436 437 469 438 502 439 472 505 537 536 538 535
471 472 505 504 437 438 470 439 503 440 473 506 538 537 539 536
472 473 506 505 438 439 471 440 504 441 474 507 539 538 540 537
473 474 507 506 439 440 472 441 505 442 475 508 540 539 541 538
474 475 508 507 440 441 473 442 506 443 476 509 541 540 542 539
475 476 509 508 441 442 474 443 507 444 477 510 542 541 543 540
476 477 510 509 442 443 475 444 508 445 478 511 543 542 544 541
477 478 511 510 443 444 476 445 509 446 479 512 544 543 545 542
478 479 512 511 444 445 477 446 510 447 480 513 545 544 546 543
479 480 513 512 445 446 478 447 511 448 481 514 546 545 547 544
480 481 514 513 446 447 479 448 512 449 482 515 547 546 548 545
481 482 515 514 447 448 480 449 513 450 483 516 548 547 549 546
482 483 516 515 448 449 481 450 514 451 484 517 549 548 550 547
483 484 517 516 449 450 482 451 515 452 485 518 550 549 551 548
484 485 518 517 450 451 483 452 516 453 486 519 551 550 552 549
485 486 519 518 451 452 484 453 517 454 487 520 552 551 553 550
486 487 520 519 452 453 485 454 518 455 488 521 553 552 554 551
487 488 521 520 453 454 486 455 519 456 489 522 554 553 555 552
488 489 522 521 454 455 487 456 520 457 490 523 555 554 556 553
489 490 523 522 455 456 488 457 521 458 491 524 556 555 557 554
490 491 524 523 456 457 489 458 522 459 492 525 557 556 558 555
491 492 525 524 457 458 490 459 523 460 493 526 558 557 559 556
492 493 526 525 458 459 491 460 524 461 494 527 559 558 560 557
493 494 527 526 459 460 492 461 525 462 495 528 560 559 561 558
497 498 531 530 463 464 496 465 529 466 499 532 564 563 565 562
498 499 532 531 464 465 497 466 530 467 500 533 565 564 566 563
499 500 533 532 465 466 498 467 531 468 501 534 566 565 567 564
500 501 534 533 466 467 499 468 532 469 502 535 567 566 568 565
501 502 535 534 467 468 500 469 533 470 503 536 568 567 569 566
502 503 536 535 468 469 501 470 534 471 504 537 569 568 570 567
503 504 537 536 469 470 502 471 535 472 505 538 570 569 571 568
504 505 538 537 470 471 503 472 536 473 506 539 571 570 572 569
505 506 539 538 471 472 504 473 537 474 507 540 572 571 573 570
506 507 540 539 472 473 505 474 538 475 508 541 573 572 574 571
507 508 541 540 473 474 506 475 539 476 509 542 574 573 575 572
508 509 542 541 474 475 507 476 540 477 510 543 575 574 576 573
509 510 543 542 475 476 508 477 541 478 511 544 576 575 577 574
510 511 544 543 476 477 509 478 542 479 512 545 577 576 578 575
511 512 545 544 477 478 510 479 543 480 513 546 578 577 579 576
512 513 546 545 478 479 511 480 544 481 514 547 579 578 580 577
513 514 547 546 479 480 512 481 545 482 515 548 580 579 581 578
514 515 548 547 480 481 513 482 546 483 516 549 581 580 582 579
515 516 549 548 481 482 514 483 547 484 517 550 582 581 583 580
516 517 550 549 482 483 515 484 548 485 518 551 583 582 584 581
517 518 551 550 483 484 516 485 549 486 519 552 584 583 585 582
518 519 552 551 484 485 517 486 550 487 520 553 585 584 586 583
519 520 553 552 485 486 518 487 551 488 521 554 586 585 587 584
520 521 554 553 486 487 519 488 552 489 522 555 587 586 588 585
521 522 555 554 487 488 520 489 553 490 523 556 588 587 589 586
522 523 556 555 488 489 521 490 554 491 524 557 589 588 590 587
523 524 557 556 489 490 522 491 555 492 525 558 590 589 591 588
524 525 558 557 490 491 523 492 556 493 526 559 591 590 592 589
525 526 559 558 491 492 524 493 557 494 527 560 592 591 593 590
526 527 560 559 492 493 525 494 558 495 528 561 593 592 594 591
530 531 564 563 496 497 529 498 562 499 532 565 597 596 598 595
531 532 565 564 497 498 530 499 563 500 533 566 598 597 599 596
532 533 566 565 498 499 531 500 564 501 534 567 599 598 600 597
533 534 567 566 499 500 532 501 565 502 535 568 600 599 601 598
534 535 568 567 500 501 533 502 566 503 536 569 601 600 602 599
535 536 569 568 501 502 534 503 567 504 537 570 602 601 603 600
536 537 570 569 502 503 535 504 568 505 538 571 603 602 604 601
537 538 571 570 503 504 536 505 569 506 539 572 604 603 605 602
538 539 572 571 504 505 537 506 570 507 540 573 605 604 606 603
539 540 573 572 505 506 538 507 571 508 541 574 606 605 607 604
540 541 574 573 506 507 539 508 572 509 542 575 607 606 608 605
541 542 575 574 507 508 540 509 573 510 543 576 608 607 609 606
542 543 576 575 508 509 541 510 574 511 544 577 609 608 610 607
543 544 577 576 509 510 542 511 575 512 545 578 610 609 611 608
544 545 578 577 510 511 543 512 576 513 546 579 611 610 612 609
545 546 579 578 511 512 544 513 577 514 547 580 612 611 613 610
546 547 580 579 512 513 545 514 578 515 548 581 613 612 614 611
547 548 581 580 513 514 546 515 579 516 549 582 614 613 615 612
548 549 582 581 514 515 547 516 580 517 550 583 615 614 616 613
549 550 583 582 515 516 548 517 581 518 551 584 616 615 617 614
550 551 584 583 516 517 549 518 582 519 552 585 617 616 618 615
551 552 585 584 517 518 550 519 583 520 553 586 618 617 619 616
552 553 586 585 518 519 551 520 584 521 554 587 619 618 620 617
553 554 587 586 519 520 552 521 585 522 555 588 620 619 621 618
554 555 588 587 520 521 553 522 586 523 556 589 621 620 622 619
555 556 589 588 521 522 554 523 587 524 557 590 622 621 623 620
556 557 590 589 522 523 555 524 588 525 558 591 623 622 624 621
557 558 591 590 523 524 556 525 589 526 559 592 624 623 625 622
558 559 592 591 524 525 557 526 590 527 560 593 625 624 626 623
559 560 593 592 525 526 558 527 591 528 561 594 626 625 627 624
563 564 597 596 529 530 562 531 595 532 565 598 630 629 631 628
564 565 598 597 530 531 563 532 596 533 566 599 631 630 632 629
565 566 599 598 531 532 564 533 597 534 567 600 632 631 633 630
566 567 600 599 532 533 565 534 598 535 568 601 633 632 634 631
567 568 601 600 533 534 566 535 599 536 569 602 634 633 635 632
568 569 602 601 534 535 567 536 600 537 570 603 635 634 636 633
569 570 603 602 535 536 568 537 601 538 571 604 636 635 637 634
570 571 604 603 536 537 569 538 602 539 572 605 637 636 638 635
571 572 605 604 537 538 570 539 603 540 573 606 638 637 639 636
572 573 606 605 538 539 571 540 604 541 574 607 639 638 640 637
573 574 607 606 539 540 572 541 605 542 575 608 640 639 641 638
574 575 608 607 540 541 573 542 606 543 576 609 641 640 642 639
575 576 609 608 541 542 574 543 607 544 577 610 642 641 643 640
576 577 610 609 542 543 575 544 608 545 578 611 643 642 644 641
577 578 611 610 543 544 576 545 609 546 579 612 644 643 645 642
578 579 612 611 544 545 577 546 610 547 580 613 645 644 646 643
579 580 613 612 545 546 578 547 611 548 581 614 646 645 647 644
580 581 614 613 546 547 579 548 612 549 582 615 647 646 648 645
581 582 615 614 547 548 580 549 613 550 583 616 648 647 649 646
582 583 616 615 548 549 581 550 614 551 584 617 649 648 650 647
583 584 617 616 549 550 582 551 615 552 585 618 650 649 651 648
584 585 618 617 550 551 583 552 616 553 586 619 651 650 652 649
585 586 619 618 551 552 584 553 617 554 587 620 652 651 653 650
586 587 620 619 552 553 585 554 618 555 588 621 653 652 654 651
587 588 621 620 553 554 586 555 619 556 589 622 654 653 655 652
588 589 622 621 554 555 587 556 620 557 590 623 655 654 656 653
589 590 623 622 555 556 588 557 621 558 591 624 656 655 657 654
590 591 624 623 556 557 589 558 622 559 592 625 657 656 658 655
591 592 625 624 557 558 590 559 623 560 593 626 658 657 659 656
592 593 626 625 558 559 591 560 624 561 594 627 659 658 660 657
596 597 630 629 562 563 595 564 628 565 598 631 663 662 664 661
597 598 631 630 563 564 596 565 629 566 599 632 664 663 665 662
598 599 632 631 564 565 597 566 630 567 600 633 665 664 666 663
599 600 633 632 565 566 598 567 631 568 601 634 666 665 667 664
600 601 634 633 566 567 599 568 632 569 602 635 667 666 668 665
601 602 635 634 567 568 600 569 633 570 603 636 668 667 669 666
602 603 636 635 568 569 601 570 634 571 604 637 669 668 670 667
603 604 637 636 569 570 602 571 635 572 605 638 670 669 671 668
604 605 638 637 570 571 603 572 636 573 606 639 671 670 672 669
605 606 639 638 571 572 604 573 637 574 607 640 672 671 673 670
606 607 640 639 572 573 605 574 638 575 608 641 673 672 674 671
607 608 641 640 573 574 606 575 639 576 609 642 674 673 675 672
608 609 642 641 574 575 607 576 640 577 610 643 675 674 676 673
609 610 643 642 575 576 608 577 641 578 611 644 676 675 677 674
610 611 644 643 576 577 609 578 642 579 612 645 677 676 678 675
611 612 645 644 577 578 610 579 643 580 613 646 678 677 679 676
612 613 646 645 578 579 611 580 644 581 614 647 679 678 680 677
613 614 647 646 579 580 612 581 645 582 615 648 680 679 681 678
614 615 648 647 580 581 613 582 646 583 616 649 681 680 682 679
615 616 649 648 581 582 614 583 647 584 617 650 682 681 683 680
616 617 650 649 582 583 615 584 648 585 618 651 683 682 684 681
617 618 651 650 583 584 616 585 649 586 619 652 684 683 685 682
618 619 652 651 584 585 617 586 650 587 620 653 685 684 686 683
619 620 653 652 585 586 618 587 651 588 621 654 686 685 687 684
620 621 654 653 586 587 619 588 652 589 622 655 687 686 688 685
621 622 655 654 587 588 620 589 653 590 623 656 688 687 689 686
622 623 656 655 588 589 621 590 654 591 624 657 689 688 690 687
623 624 657 656 589 590 622 591 655 592 625 658 690 689 691 688
624 625 658 657 590 591 623 592 656 593 626 659 691 690 692 689
625 626 659 658 591 592 624 593 657 594 627 660 692 691 693 690
629 630 663 662 595 596 628 597 661 598 631 664 696 695 697 694
630 631 664 663 596 597 629 598 662 599 632 665 697 696 698 695
631 632 665 664 597 598 630 599 663 600 633 666 698 697 699 696
632 633 666 665 598 599 631 600 664 601 634 667 699 698 700 697
633 634 667 666 599 600 632 601 665 602 635 668 700 699 701 698
634 635 668 667 600 601 633 602 666 603 636 669 701 700 702 699
635 636 669 668 601 602 634 603 667 604 637 670 702 701 703 700
636 637 670 669 602 603 635 604 668 605 638 671 703 702 704 701
637 638 671 670 603 604 636 605 669 606 639 672 704 703 705 702
638 639 672 671 604 605 637 606 670 607 640 673 705 704 706 703
639 640 673 672 605 606 638 607 671 608 641 674 706 705 707 704
640 641 674 673 606 607 639 608 672 609 642 675 707 706 708 705
641 642 675 674 607 608 640 609 673 610 643 676 708 707 709 706
642 643 676 675 608 609 641 610 674 611 644 677 709 708 710 707
643 644 677 676 609 610 642 611 675 612 645 678 710 709 711 708
644 645 678 677 610 611 643 612 676 613 646 679 711 710 712 709
645 646 679 678 611 612 644 613 677 614 647 680 712 711 713 710
646 647 680 679 612 613 645 614 678 615 648 681 713 712 714 711
647 648 681 680 613 614 646 615 679 616 649 682 714 713 715 712
648 649 682 681 614 615 647 616 680 617 650 683 715 714 716 713
649 650 683 682 615 616 648 617 681 618 651 684 716 715 717 714
650 651 684 683 616 617 649 618 682 619 652 685 717 716 718 715
651 652 685 684 617 618 650 619 683 620 653 686 718 717 719 716
652 653 686 685 618 619 651 620 684 621 654 687 719 718 720 717
653 654 687 686 619 620 652 621 685 622 655 688 720 719 721 718
654 655 688 687 620 621 653 622 686 623 656 689 721 720 722 719
655 656 689 688 621 622 654 623 687 624 657 690 722 721 723 720
656 657 690 689 622 623 655 624 688 625 658 691 723 722 724 721
657 658 691 690 623 624 656 625 689 626 659 692 724 723 725 722
658 659 692 691 624 625 657 626 690 627 660 693 725 724 726 723
662 663 696 695 628 629 661 630 694 631 664 697 729 728 730 727
663 664 697 696 629 630 662 631 695 632 665 698 730 729 731 728
664 665 698 697 630 631 663 632 696 633 666 699 731 730 732 729
665 666 699 698 631 632 664 633 697 634 667 700 732 731 733 730
666 667 700 699 632 633 665 634 698 635 668 701 733 732 734 731
667 668 701 700 633 634 666 635 699 636 669 702 734 733 735 732
668 669 702 701 634 635 667 636 700 637 670 703 735 734 736 733
669 670 703 702 635 636 668 637 701 638 671 704 736 735 737 734
670 671 704 703 636 637 669 638 702 639 672 705 737 736 738 735
671 672 705 704 637 638 670 639 703 640 673 706 738 737 739 736
672 673 706 705 638 639 671 640 704 641 674 707 739 738 740 737
673 674 707 706 639 640 672 641 705 642 675 708 740 739 741 738
674 675 708 707 640 641 673 642 706 643 676 709 741 740 742 739
675 676 709 708 641 642 674 643 707 644 677 710 742 741 743 740
676 677 710 709 642 643 675 644 708 645 678 711 743 742 744 741
677 678 711 710 643 644 676 645 709 646 679 712 744 743 745 742
678 679 712 711 644 645 677 646 710 647 680 713 745 744 746 743
679 680 713 712 645 646 678 647 711 648 681 714 746 745 747 744
680 681 714 713 646 647 679 648 712 649 682 715 747 746 748 745
681 682 715 714 647 648 680 649 713 650 683 716 748 747 749 746
682 683 716 715 648 649 681 650 714 651 684 717 749 748 750 747
683 684 717 716 649 650 682 651 715 652 685 718 750 749 751 748
684 685 718 717 650 651 683 652 716 653 686 719 751 750 752 749
685 686 719 718 651 652 684 653 717 654 687 720 752 751 753 750
686 687 720 719 652 653 685 654 718 655 688 721 753 752 754 751
687 688 721 720 653 654 686 655 719 656 689 722 754 753 755 752
688 689 722 721 654 655 687 656 720 657 690 723 755 754 756 753
689 690 723 722 655 656 688 657 721 658 691 724 756 755 757 754
690 691 724 723 656 657 689 658 722 659 692 725 757 756 758 755
691 692 725 724 657 658 690 659 723 660 693 726 758 757 759 756
695 696 729 728 661 662 694 663 727 664 697 730 762 761 763 760
696 697 730 729 662 663 695 664 728 665 698 731 763 762 764 761
697 698 731 730 663 664 696 665 729 666 699 732 764 763 765 762
698 699 732 731 664 665 697 666 730 667 700 733 765 764 766 763
699 700 733 732 665 666 698 667 731 668 701 734 766 765 767 764
700 701 734 733 666 667 699 668 732 669 702 735 767 766 768 765
701 702 735 734 667 668 700 669 733 670 703 736 768 767 769 766
702 703 736 735 668 669 701 670 734 671 704 737 769 768 770 767
703 704 737 736 669 670 702 671 735 672 705 738 770 769 771 768
704 705 738 737 670 671 703 672 736 673 706 739 771 770 772 769
705 706 739 738 671 672 704 673 737 674 707 740 772 771 773 770
706 707 740 739 672 673 705 674 738 675 708 741 773 772 774 771
707 708 741 740 673 674 706 675 739 676 709 742 774 773 775 772
708 709 742 741 674 675 707 676 740 677 710 743 775 774 776 773
709 710 743 742 675 676 708 677 741 678 711 744 776 775 777 774
710 711 744 743 676 677 709 678 742 679 712 745 777 776 778 775
711 712 745 744 677 678 710 679 743 680 713 746 778 777 779 776
712 713 746 745 678 679 711 680 744 681 714 747 779 778 780 777
713 714 747 746 679 680 712 681 745 682 715 748 780 779 781 778
714 715 748 747 680 681 713 682 746 683 716 749 781 780 782 779
715 716 749 748 681 682 714 683 747 684 717 750 782 781 783 780
716 717 750 749 682 683 715 684 748 685 718 751 783 782 784 781
717 718 751 750 683 684 716 685 749 686 719 752 784 783 785 782
718 719 752 751 684 685 717 686 750 687 720 753 785 784 786 783
719 720 753 752 685 686 718 687 751 688 721 754 786 785 787 784
720 721 754 753 686 687 719 688 752 689 722 755 787 786 788 785
721 722 755 754 687 688 720 689 753 690 723 756 788 787 789 786
722 723 756 755 688 689 721 690 754 691 724 757 789 788 790 787
723 724 757 756 689 690 722 691 755 692 725 758 790 789 791 788
724 725 758 757 690 691 723 692 756 693 726 759 791 790 792 789
728 729 762 761 694 695 727 696 760 697 730 763 795 794 796 793
729 730 763 762 695 696 728 697 761 698 731 764 796 795 797 794
730 731 764 763 696 697 729 698 762 699 732 765 797 796 798 795
731 732 765 764 697 698 730 699 763 700 733 766 798 797 799 796
732 733 766 765 698 699 731 700 764 701 734 767 799 798 800 797
733 734 767 766 699 700 732 701 765 702 735 768 800 799 801 798
734 735 768 767 700 701 733 702 766 703 736 769 801 800 802 799
735 736 769 768 701 702 734 703 767 704 737 770 802 801 803 800
736 737 770 769 702 703 735 704 768 705 738 771 803 802 804 801
737 738 771 770 703 704 736 705 769 706 739 772 804 803 805 802
738 739 772 771 704 705 737 706 770 707 740 773 805 804 806 803
739 740 773 772 705 706 738 707 771 708 741 774 806 805 807 804
740 741 774 773 706 707 739 708 772 709 742 775 807 806 808 805
741 742 775 774 707 708 740 709 773 710 743 776 808 807 809 806
742 743 776 775 708 709 741 710 774 711 744 777 809 808 810 807
743 744 777 776 709 710 742 711 775 712 745 778 810 809 811 808
744 745 778 777 710 711 743 712 776 713 746 779 811 810 812 809
745 746 779 778 711 712 744 713 777 714 747 780 812 811 813 810
746 747 780 779 712 713 745 714 778 715 748 781 813 812 814 811
747 748 781 780 713 714 746 715 779 716 749 782 814 813 815 812
748 749 782 781 714 715 747 716 780 717 750 783 815 814 816 813
749 750 783 782 715 716 748 717 781 718 751 784 816 815 817 814
750 751 784 783 716 717 749 718 782 719 752 785 817 816 818 815
751 752 785 784 717 718 750 719 783 720 753 786 818 817 819 816
752 753 786 785 718 719 751 720 784 721 754 787 819 818 820 817
753 754 787 786 719 720 752 721 785 722 755 788 820 819 821 818
754 755 788 787 720 721 753 722 786 723 756 789 821 820 822 819
755 756 789 788 721 722 754 723 787 724 757 790 822 821 823 820
756 757 790 789 722 723 755 724 788 725 758 791 823 822 824 821
757 758 791 790 723 724 756 725 789 726 759 792 824 823 825 822
761 762 795 794 727 728 760 729 793 730 763 796 828 827 829 826
762 763 796 795 728 729 761 730 794 731 764 797 829 828 830 827
763 764 797 796 729 730 762 731 795 732 765 798 830 829 831 828
764 765 798 797 730 731 763 732 796 733 766 799 831 830 832 829
765 766 799 798 731 732 764 733 797 734 767 800 832 831 833 830
766 767 800 799 732 733 765 734 798 735 768 801 833 832 834 831
767 768 801 800 733 734 766 735 799 736 769 802 834 833 835 832
768 769 802 801 734 735 767 736 800 737 770 803 835 834 836 833
769 770 803 802 735 736 768 737 801 738 771 804 836 835 837 834
770 771 804 803 736 737 769 738 802 739 772 805 837 836 838 835
771 772 805 804 737 738 770 739 803 740 773 806 838 837 839 836
772 773 806 805 738 739 771 740 804 741 774 807 839 838 840 837
773 774 807 806 739 740 772 741 805 742 775 808 840 839 841 838
774 775 808 807 740 741 773 742 806 743 776 809 841 840 842 839
775 776 809 808 741 742 774 743 807 744 777 810 842 841 843 840
776 777 810 809 742 743 775 744 808 745 778 811 843 842 844 841
777 778 811 810 743 744 776 745 809 746 779 812 844 843 845 842
778 779 812 811 744 745 777 746 810 747 780 813 845 844 846 843
779 780 813 812 745 746 778 747 811 748 781 814 846 845 847 844
780 781 814 813 746 747 779 748 812 749 782 815 847 846 848 845
781 782 815 814 747 748 780 749 813 750 783 816 848 847 849 846
782 783 816 815 748 749 781 750 814 751 784 817 849 848 850 847
783 784 817 816 749 750 782 751 815 752 785 818 850 849 851 848
784 785 818 817 750 751 783 752 816 753 786 819 851 850 852 849
785 786 819 818 751 752 784 753 817 754 787 820 852 851 853 850
786 787 820 819 752 753 785 754 818 755 788 821 853 852 854 851
787 788 821 820 753 754 786 755 819 756 789 822 854 853 855 852
788 789 822 821 754 755 787 756 820 757 790 823 855 854 856 853
789 790 823 822 755 756 788 757 821 758 791 824 856 855 857 854
790 791 824 823 756 757 789 758 822 759 792 825 857 856 858 855
794 795 828 827 760 761 793 762 826 763 796 829 861 860 862 859
795 796 829 828 761 762 794 763 827 764 797 830 862 861 863 860
796 797 830 829 762 763 795 764 828 765 798 831 863 862 864 861
797 798 831 830 763 764 796 765 829 766 799 832 864 863 865 862
798 799 832 831 764 765 797 766 830 767 800 833 865 864 866 863
799 800 833 832 765 766 798 767 831 768 801 834 866 865 867 864
800 801 834 833 766 767 799 768 832 769 802 835 867 866 868 865
801 802 835 834 767 768 800 769 833 770 803 836 868 867 869 866
802 803 836 835 768 769 801 770 834 771 804 837 869 868 870 867
803 804 837 836 769 770 802 771 835 772 805 838 870 869 871 868
804 805 838 837 770 771 803 772 836 773 806 839 871 870 872 869
805 806 839 838 771 772 804 773 837 774 807 840 872 871 873 870
806 807 840 839 772 773 805 774 838 775 808 841 873 872 874 871
807 808 841 840 773 774 806 775 839 776 809 842 874 873 875 872
808 809 842 841 774 775 807 776 840 777 810 843 875 874 876 873
809 810 843 842 775 776 808 777 841 778 811 844 876 875 877 874
810 811 844 843 776 777 809 778 842 779 812 845 877 876 878 875
811 812 845 844 777 778 810 779 843 780 813 846 878 877 879 876
812 813 846 845 778 779 811 780 844 781 814 847 879 878 880 877
813 814 847 846 779 780 812 781 845 782 815 848 880 879 881 878
814 815 848 847 780 781 813 782 846 783 816 849 881 880 882 879
815 816 849 848 781 782 814 783 847 784 817 850 882 881 883 880
816 817 850 849 782 783 815 784 848 785 818 851 883 882 884 881
817 818 851 850 783 784 816 785 849 786 819 852 884 883 885 882
818 819 852 851 784 785 817 786 850 787 820 853 885 884 886 883
819 820 853 852 785 786 818 787 851 788 821 854 886 885 887 884
820 821 854 853 786 787 819 788 852 789 822 855 887 886 888 885
821 822 855 854 787 788 820 789 853 790 823 856 888 887 889 886
822 823 856 855 788 789 821 790 854 791 824 857 889 888 890 887
823 824 857 856 789 790 822 791 855 792 825 858 890 889 891 888
827 828 861 860 793 794 826 795 859 796 829 862 894 893 895 892
828 829 862 861 794 795 827 796 860 797 830 863 895 894 896 893
829 830 863 862 795 796 828 797 861 798 831 864 896 895 897 894
830 831 864 863 796 797 829 798 862 799 832 865 897 896 898 895
831 832 865 864 797 798 830 799 863 800 833 866 898 897 899 896
832 833 866 865 798 799 831 800 864 801 834 867 899 898 900 897
833 834 867 866 799 800 832 801 865 802 835 868 900 899 901 898
834 835 868 867 800 801 833 802 866 803 836 869 901 900 902 899
835 836 869 868 801 802 834 803 867 804 837 870 902 901 903 900
836 837 870 869 802 803 835 804 868 805 838 871 903 902 904 901
837 838 871 870 803 804 836 805 869 806 839 872 904 903 905 902
838 839 872 871 804 805 837 806 870 807 840 873 905 904 906 903
839 840 873 872 805 806 838 807 871 808 841 874 906 905 907 904
840 841 874 873 806 807 839 808 872 809 842 875 907 906 908 905
841 842 875 874 807 808 840 809 873 810 843 876 908 907 909 906
842 843 876 875 808 809 841 810 874 811 844 877 909 908 910 907
843 844 877 876 809 810 842 811 875 812 845 878 910 909 911 908
844 845 878 877 810 811 843 812 876 813 846 879 911 910 912 909
845 846 879 878 811 812 844 813 877 814 847 880 912 911 913 910
846 847 880 879 812 813 845 814 878 815 848 881 913 912 914 911
847 848 881 880 813 814 846 815 879 816 849 882 914 913 915 912
848 849 882 881 814 815 847 816 880 817 850 883 915 914 916 913
849 850 883 882 815 816 848 817 881 818 851 884 916 915 917 914
850 851 884 883 816 817 849 818 882 819 852 885 917 916 918 915
851 852 885 884 817 818 850 819 883 820 853 886 918 917 919 916
852 853 886 885 818 819 851 820 884 821 854 887 919 918 920 917
853 854 887 886 819 820 852 821 885 822 855 888 920 919 921 918
854 855 888 887 820 821 853 822 886 823 856 889 921 920 922 919
855 856 889 888 821 822 854 823 887 824 857 890 922 921 923 920
856 857 890 889 822 823 855 824 888 825 858 891 923 922 924 921
860 861 894 893 826 827 859 828 892 829 862 895 927 926 928 925
861 862 895 894 827 828 860 829 893 830 863 896 928 927 929 926
862 863 896 895 828 829 861 830 894 831 864 897 929 928 930 927
863 864 897 896 829 830 862 831 895 832 865 898 930 929 931 928
864 865 898 897 830 831 863 832 896 833 866 899 931 930 932 929
865 866 899 898 831 832 864 833 897 834 867 900 932 931 933 930
866 867 900 899 832 833 865 834 898 835 868 901 933 932 934 931
867 868 901 900 833 834 866 835 899 836 869 902 934 933 935 932
868 869 902 901 834 835 867 836 900 837 870 903 935 934 936 933
869 870 903 902 835 836 868 837 901 838 871 904 936 935 937 934
870 871 904 903 836 837 869 838 902 839 872 905 937 936 938 935
871 872 905 904 837 838 870 839 903 840 873 906 938 937 939 936
872 873 906 905 838 839 871 840 904 841 874 907 939 938 940 937
873 874 907 906 839 840 872 841 905 842 875 908 940 939 941 938
874 875 908 907 840 841 873 842 906 843 876 909 941 940 942 939
875 876 909 908 841 842 874 843 907 844 877 910 942 941 943 940
876 877 910 909 842 843 875 844 908 845 878 911 943 942 944 941
877 878 911 910 843 844 876 845 909 846 879 912 944 943 945 942
878 879 912 911 844 845 877 846 910 847 880 913 945 944 946 943
879 880 913 912 845 846 878 847 911 848 881 914 946 945 947 944
880 881 914 913 846 847 879 848 912 849 882 915 947 946 948 945
881 882 915 914 847 848 880 849 913 850 883 916 948 947 949 946
882 883 916 915 848 849 881 850 914 851 884 917 949 948 950 947
883 884 917 916 849 850 882 851 915 852 885 918 950 949 951 948
884 885 918 917 850 851 883 852 916 853 886 919 951 950 952 949
885 886 919 918 851 852 884 853 917 854 887 920 952 951 953 950
886 887 920 919 852 853 885 854 918 855 888 921 953 952 954 951
887 888 921 920 853 854 886 855 919 856 889 922 954 953 955 952
888 889 922 921 854 855 887 856 920 857 890 923 955 954 956 953
889 890 923 922 855 856 888 857 921 858 891 924 956 955 957 954
893 894 927 926 859 860 892 861 925 862 895 928 960 959 961 958
894 895 928 927 860 861 893 862 926 863 896 929 961 960 962 959
895 896 929 928 861 862 894 863 927 864 897 930 962 961 963 960
896 897 930 929 862 863 895 864 928 865 898 931 963 962 964 961
897 898 931 930 863 864 896 865 929 866 899 932 964 963 965 962
898 899 932 931 864 865 897 866 930 867 900 933 965 964 966 963
899 900 933 932 865 866 898 867 931 868 901 934 966 965 967 964
900 901 934 933 866 867 899 868 932 869 902 935 967 966 968 965
901 902 935 934 867 868 900 869 933 870 903 936 968 967 969 966
902 903 936 935 868 869 901 870 934 871 904 937 969 968 970 967
903 904 937 936 869 870 902 871 935 872 905 938 970 969 971 968
904 905 938 937 870 871 903 872 936 873 906 939 971 970 972 969
905 906 939 938 871 872 904 873 937 874 907 940 972 971 973 970
906 907 940 939 872 873 905 874 938 875 908 941 973 972 974 971
907 908 941 940 873 874 906 875 939 876 909 942 974 973 975 972
908 909 942 941 874 875 907 876 940 877 910 943 975 974 976 973
909 910 943 942 875 876 908 877 941 878 911 944 976 975 977 974
910 911 944 943 876 877 909 878 942 879 912 945 977 976 978 975
911 912 945 944 877 878 910 879 943 880 913 946 978 977 979 976
912 913 946 945 878 879 911 880 944 881 914 947 979 978 980 977
913 914 947 946 879 880 912 881 945 882 915 948 980 979 981 978
914 915 948 947 880 881 913 882 946 883 916 949 981 980 982 979
915 916 949 948 881 882 914 883 947 884 917 950 982 981 983 980
916 917 950 949 882 883 915 884 948 885 918 951 983 982 984 981
917 918 951 950 883 884 916 885 949 886 919 952 984 983 985 982
918 919 952 951 884 885 917 886 950 887 920 953 985 984 986 983
919 920 953 952 885 886 918 887 951 888 921 954 986 985 987 984
920 921 954 953 886 887 919 888 952 889 922 955 987 986 988 985
921 922 955 954 887 888 920 889 953 890 923 956 988 987 989 986
922 923 956 955 888 889 921 890 954 891 924 957 989 988 990 987
926 927 960 959 892 893 925 894 958 895 928 961 993 992 994 991
927 928 961 960 893 894 926 895 959 896 929 962 994 993 995 992
928 929 962 961 894 895 927 896 960 897 930 963 995 994 996 993
929 930 963 962 895 896 928 897 961 898 931 964 996 995 997 994
930 931 964 963 896 897 929 898 962 899 932 965 997 996 998 995
931 932 965 964 897 898 930 899 963 900 933 966 998 997 999 996
932 933 966 965 898 899 931 900 964 901 934 967 999 998 1000 997
933 934 967 966 899 900 932 901 965 902 935 968 1000 999 1001 998
934 935 968 967 900 901 933 902 966 903 936 969 1001 1000 1002 999
935 936 969 968 901 902 934 903 967 904 937 970 1002 1001 1003 1000
936 937 970 969 902 903 935 904 968 905 938 971 1003 1002 1004 1001
937 938 971 970 903 904 936 905 969 906 939 972 1004 1003 1005 1002
938 939 972 971 904 905 937 906 970 907 940 973 1005 1004 1006 1003
939 940 973 972 905 906 938 907 971 908 941 974 1006 1005 1007 1004
940 941 974 973 906 907 939 908 972 909 942 975 1007 1006 1008 1005
941 942 975 974 907 908 940 909 973 910 943 976 1008 1007 1009 1006
942 943 976 975 908 909 941 910 974 911 944 977 1009 1008 1010 1007
943 944 977 976 909 910 942 911 975 912 945 978 1010 1009 1011 1008
944 945 978 977 910 911 943 912 976 913 946 979 1011 1010 1012 1009
945 946 979 978 911 912 944 913 977 914 947 980 1012 1011 1013 1010
946 947 980 979 912 913 945 914 978 915 948 981 1013 1012 1014 1011
947 948 981 980 913 914 946 915 979 916 949 982 1014 1013 1015 1012
948 949 982 981 914 915 947 916 980 917 950 983 1015 1014 1016 1013
949 950 983 982 915 916 948 917 981 918 951 984 1016 1015 1017 1014
950 951 984 983 916 917 949 918 982 919 952 985 1017 1016 1018 1015
951 952 985 984 917 918 950 919 983 920 953 986 1018 1017 1019 1016
952 953 986 985 918 919 951 920 984 921 954 987 1019 1018 1020 1017
953 954 987 986 919 920 952 921 985 922 955 988 1020 1019 1021 1018
954 955 988 987 920 921 953 922 986 923 956 989 1021 1020 1022 1019
955 956 989 988 921 922 954 923 987 924 957 990 1022 1021 1023 1020
959 960 993 992 925 926 958 927 991 928 961 994 1026 1025 1027 1024
960 961 994 993 926 927 959 928 992 929 962 995 1027 1026 1028 1025
961 962 995 994 927 928 960 929 993 930 963 996 1028 1027 1029 1026
962 963 996 995 928 929 961 930 994 931 964 997 1029 1028 1030 1027
963 964 997 996 929 930 962 931 995 932 965 998 1030 1029 1031 1028
964 965 998 997 930 931 963 932 996 933 966 999 1031 1030 1032 1029
965 966 999 998 931 932 964 933 997 934 967 1000 1032 1031 1033 1030
966 967 1000 999 932 933 965 934 998 935 968 1001 1033 1032 1034 1031
967 968 1001 1000 933 934 966 935 999 936 969 1002 1034 1033 1035 1032
968 969 1002 1001 934 935 967 936 1000 937 970 1003 1035 1034 1036 1033
969 970 1003 1002 935 936 968 937 1001 938 971 1004 1036 1035 1037 1034
970 971 1004 1003 936 937 969 938 1002 939 972 1005 1037 1036 1038 1035
971 972 1005 1004 937 938 970 939 1003 940 973 1006 1038 1037 1039 1036
972 973 1006 1005 938 939 971 940 1004 941 974 1007 1039 1038 1040 1037
973 974 1007 1006 939 940 972 941 1005 942 975 1008 1040 1039 1041 1038
974 975 1008 1007 940 941 973 942 1006 943 976 1009 1041 1040 1042 1039
975 976 1009 1008 941 942 974 943 1007 944 977 1010 1042 1041 1043 1040
976 977 1010 1009 942 943 975 944 1008 945 978 1011 1043 1042 1044 1041
977 978 1011 1010 943 944 976 945 1009 946 979 1012 1044 1043 1045 1042
978 979 1012 1011 944 945 977 946 1010 947 980 1013 1045 1044 1046 1043
979 980 1013 1012 945 946 978 947 1011 948 981 1014 1046 1045 1047 1044
980 981 1014 1013 946 947 979 948 1012 949 982 1015 1047 1046 1048 1045
981 982 1015 1014 947 948 980 949 1013 950 983 1016 1048 1047 1049 1046
982 983 1016 1015 948 949 981 950 1014 951 984 1017 1049 1048 1050 1047
983 984 1017 1016 949 950 982 951 1015 952 985 1018 1050 1049 1051 1048
984 985 1018 1017 950 951 983 952 1016 953 986 1019 1051 1050 1052 1049
985 986 1019 1018 951 952 984 953 1017 954 987 1020 1052 1051 1053 1050
986 987 1020 1019 952 953 985 954 1018 955 988 1021 1053 1052 1054 1051
987 988 1021 1020 953 954 986 955 1019 956 989 1022 1054 1053 1055 1052
988 989 1022 1021 954 955 987 956 1020 957 990 1023 1055 1054 1056 1053
992 993 1026 1025 958 959 991 960 1024 961 994 1027 1059 1058 1060 1057
993 994 1027 1026 959 960 992 961 1025 962 995 1028 1060 1059 1061 1058
994 995 1028 1027 960 961 993 962 1026 963 996 1029 1061 1060 1062 1059
995 996 1029 1028 961 962 994 963 1027 964 997 1030 1062 1061 1063 1060
996 997 1030 1029 962 963 995 964 1028 965 998 1031 1063 1062 1064 1061
997 998 1031 1030 963 964 996 965 1029 966 999 1032 1064 1063 1065 1062
998 999 1032 1031 964 965 997 966 1030 967 1000 1033 1065 1064 1066 1063
999 1000 1033 1032 965 966 998 967 1031 968 1001 1034 1066 1065 1067 1064
1000 1001 1034 1033 966 967 999 968 1032 969 1002 1035 1067 1066 1068 1065
1001 1002 1035 1034 967 968 1000 969 1033 970 1003 1036 1068 1067 1069 1066
1002 1003 1036 1035 968 969 1001 970 1034 971 1004 1037 1069 1068 1070 1067
1003 1004 1037 1036 969 970 1002 971 1035 972 1005 1038 1070 1069 1071 1068
1004 1005 1038 1037 970 971 1003 972 1036 973 1006 1039 1071 1070 1072 1069
1005 1006 1039 1038 971 972 1004 973 1037 974 1007 1040 1072 1071 1073 1070
1006 1007 1040 1039 972 973 1005 974 1038 975 1008 1041 1073 1072 1074 1071
1007 1008 1041 1040 973 974 1006 975 1039 976 1009 1042 1074 1073 1075 1072
1008 1009 1042 1041 974 975 1007 976 1040 977 1010 1043 1075 1074 1076 1073
1009 1010 1043 1042 975 976 1008 977 1041 978 1011 1044 1076 1075 1077 1074
1010 1011 1044 1043 976 977 1009 978 1042 979 1012 1045 1077 1076 1078 1075
1011 1012 1045 1044 977 978 1010 979 1043 980 1013 1046 1078 1077 1079 1076
1012 1013 1046 1045 978 979 1011 980 1044 981 1014 1047 1079 1078 1080 1077
1013 1014 1047 1046 979 980 1012 981 1045 982 1015 1048 1080 1079 1081 1078
1014 1015 1048 1047 980 981 1013 982 1046 983 1016 1049 1081 1080 1082 1079
1015 1016 1049 1048 981 982 1014 983 1047 984 1017 1050 1082 1081 1083 1080
1016 1017 1050 1049 982 983 1015 984 1048 985 1018 1051 1083 1082 1084 1081
1017 1018 1051 1050 983 984 1016 985 1049 986 1019 1052 1084 1083 1085 1082
1018 1019 1052 1051 984 985 1017 986 1050 987 1020 1053 1085 1084 1086 1083
1019 1020 1053 1052 985 986 1018 987 1051 988 1021 1054 1086 1085 1087 1084
1020 1021 1054 1053 986 987 1019 988 1052 989 1022 1055 1087 1086 1088 1085
1021 1022 1055 1054 987 988 1020 989 1053 990 1023 1056 1088 1087 1089 1086
