1000
105 106 209 208 1 2 104 3 207 4 107 210 312 311 313 310
106 107 210 209 2 3 105 4 208 5 108 211 313 312 314 311
107 108 211 210 3 4 106 5 209 6 109 212 314 313 315 312
108 109 212 211 4 5 107 6 210 7 110 213 315 314 316 313
109 110 213 212 5 6 108 7 211 8 111 214 316 315 317 314
110 111 214 213 6 7 109 8 212 9 112 215 317 316 318 315
111 112 215 214 7 8 110 9 213 10 113 216 318 317 319 316
112 113 216 215 8 9 111 10 214 11 114 217 319 318 320 317
113 114 217 216 9 10 112 11 215 12 115 218 320 319 321 318
114 115 218 217 10 11 113 12 216 13 116 219 321 320 322 319
115 116 219 218 11 12 114 13 217 14 117 220 322 321 323 320
116 117 220 219 12 13 115 14 218 15 118 221 323 322 324 321
117 118 221 220 13 14 116 15 219 16 119 222 324 323 325 322
118 119 222 221 14 15 117 16 220 17 120 223 325 324 326 323
119 120 223 222 15 16 118 17 221 18 121 224 326 325 327 324
120 121 224 223 16 17 119 18 222 19 122 225 327 326 328 325
121 122 225 224 17 18 120 19 223 20 123 226 328 327 329 326
122 123 226 225 18 19 121 20 224 21 124 227 329 328 330 327
123 124 227 226 19 20 122 21 225 22 125 228 330 329 331 328
124 125 228 227 20 21 123 22 226 23 126 229 331 330 332 329
125 126 229 228 21 22 124 23 227 24 127 230 332 331 333 330
126 127 230 229 22 23 125 24 228 25 128 231 333 332 334 331
127 128 231 230 23 24 126 25 229 26 129 232 334 333 335 332
128 129 232 231 24 25 127 26 230 27 130 233 335 334 336 333
129 130 233 232 25 26 128 27 231 28 131 234 336 335 337 334
130 131 234 233 26 27 129 28 232 29 132 235 337 336 338 335
131 132 235 234 27 28 130 29 233 30 133 236 338 337 339 336
132 133 236 235 28 29 131 30 234 31 134 237 339 338 340 337
133 134 237 236 29 30 132 31 235 32 135 238 340 339 341 338
134 135 238 237 30 31 133 32 236 33 136 239 341 340 342 339
135 136 239 238 31 32 134 33 237 34 137 240 342 341 343 340
136 137 240 239 32 33 135 34 238 35 138 241 343 342 344 341
137 138 241 240 33 34 136 35 239 36 139 242 344 343 345 342
138 139 242 241 34 35 137 36 240 37 140 243 345 344 346 343
139 140 243 242 35 36 138 37 241 38 141 244 346 345 347 344
140 141 244 243 36 37 139 38 242 39 142 245 347 346 348 345
141 142 245 244 37 38 140 39 243 40 143 246 348 347 349 346
142 143 246 245 38 39 141 40 244 41 144 247 349 348 350 347
143 144 247 246 39 40 142 41 245 42 145 248 350 349 351 348
144 145 248 247 40 41 143 42 246 43 146 249 351 350 352 349
145 146 249 248 41 42 144 43 247 44 147 250 352 351 353 350
146 147 250 249 42 43 145 44 248 45 148 251 353 352 354 351
147 148 251 250 43 44 146 45 249 46 149 252 354 353 355 352
148 149 252 251 44 45 147 46 250 47 150 253 355 354 356 353
149 150 253 252 45 46 148 47 251 48 151 254 356 355 357 354
150 151 254 253 46 47 149 48 252 49 152 255 357 356 358 355
151 152 255 254 47 48 150 49 253 50 153 256 358 357 359 356
152 153 256 255 48 49 151 50 254 51 154 257 359 358 360 357
153 154 257 256 49 50 152 51 255 52 155 258 360 359 361 358
154 155 258 257 50 51 153 52 256 53 156 259 361 360 362 359
155 156 259 258 51 52 154 53 257 54 157 260 362 361 363 360
156 157 260 259 52 53 155 54 258 55 158 261 363 362 364 361
157 158 261 260 53 54 156 55 259 56 159 262 364 363 365 362
158 159 262 261 54 55 157 56 260 57 160 263 365 364 366 363
159 160 263 262 55 56 158 57 261 58 161 264 366 365 367 364
160 161 264 263 56 57 159 58 262 59 162 265 367 366 368 365
161 162 265 264 57 58 160 59 263 60 163 266 368 367 369 366
162 163 266 265 58 59 161 60 264 61 164 267 369 368 370 367
163 164 267 266 59 60 162 61 265 62 165 268 370 369 371 368
164 165 268 267 60 61 163 62 266 63 166 269 371 370 372 369
165 166 269 268 61 62 164 63 267 64 167 270 372 371 373 370
166 167 270 269 62 63 165 64 268 65 168 271 373 372 374 371
167 168 271 270 63 64 166 65 269 66 169 272 374 373 375 372
168 169 272 271 64 65 167 66 270 67 170 273 375 374 376 373
169 170 273 272 65 66 168 67 271 68 171 274 376 375 377 374
170 171 274 273 66 67 169 68 272 69 172 275 377 376 378 375
171 172 275 274 67 68 170 69 273 70 173 276 378 377 379 376
172 173 276 275 68 69 171 70 274 71 174 277 379 378 380 377
173 174 277 276 69 70 172 71 275 72 175 278 380 379 381 378
174 175 278 277 70 71 173 72 276 73 176 279 381 380 382 379
175 176 279 278 71 72 174 73 277 74 177 280 382 381 383 380
176 177 280 279 72 73 175 74 278 75 178 281 383 382 384 381
177 178 281 280 73 74 176 75 279 76 179 282 384 383 385 382
178 179 282 281 74 75 177 76 280 77 180 283 385 384 386 383
179 180 283 282 75 76 178 77 281 78 181 284 386 385 387 384
180 181 284 283 76 77 179 78 282 79 182 285 387 386 388 385
181 182 285 284 77 78 180 79 283 80 183 286 388 387 389 386
182 183 286 285 78 79 181 80 284 81 184 287 389 388 390 387
183 184 287 286 79 80 182 81 285 82 185 288 390 389 391 388
184 185 288 287 80 81 183 82 286 83 186 289 391 390 392 389
185 186 289 288 81 82 184 83 287 84 187 290 392 391 393 390
186 187 290 289 82 83 185 84 288 85 188 291 393 392 394 391
187 188 291 290 83 84 186 85 289 86 189 292 394 393 395 392
188 189 292 291 84 85 187 86 290 87 190 293 395 394 396 393
189 190 293 292 85 86 188 87 291 88 191 294 396 395 397 394
190 191 294 293 86 87 189 88 292 89 192 295 397 396 398 395
191 192 295 294 87 88 190 89 293 90 193 296 398 397 399 396
192 193 296 295 88 89 191 90 294 91 194 297 399 398 400 397
193 194 297 296 89 90 192 91 295 92 195 298 400 399 401 398
194 195 298 297 90 91 193 92 296 93 196 299 401 400 402 399
195 196 299 298 91 92 194 93 297 94 197 300 402 401 403 400
196 197 300 299 92 93 195 94 298 95 198 301 403 402 404 401
197 198 301 300 93 94 196 95 299 96 199 302 404 403 405 402
198 199 302 301 94 95 197 96 300 97 200 303 405 404 406 403
199 200 303 302 95 96 198 97 301 98 201 304 406 405 407 404
200 201 304 303 96 97 199 98 302 99 202 305 407 406 408 405
201 202 305 304 97 98 200 99 303 100 203 306 408 407 409 406
202 203 306 305 98 99 201 100 304 101 204 307 409 408 410 407
203 204 307 306 99 100 202 101 305 102 205 308 410 409 411 408
204 205 308 307 100 101 203 102 306 103 206 309 411 410 412 409
208 209 312 311 104 105 207 106 310 107 210 313 415 414 416 413
209 210 313 312 105 106 208 107 311 108 211 314 416 415 417 414
210 211 314 313 106 107 209 108 312 109 212 315 417 416 418 415
211 212 315 314 107 108 210 109 313 110 213 316 418 417 419 416
212 213 316 315 108 109 211 110 314 111 214 317 419 418 420 417
213 214 317 316 109 110 212 111 315 112 215 318 420 419 421 418
214 215 318 317 110 111 213 112 316 113 216 319 421 420 422 419
215 216 319 318 111 112 214 113 317 114 217 320 422 421 423 420
216 217 320 319 112 113 215 114 318 115 218 321 423 422 424 421
217 218 321 320 113 114 216 115 319 116 219 322 424 423 425 422
218 219 322 321 114 115 217 116 320 117 220 323 425 424 426 423
219 220 323 322 115 116 218 117 321 118 221 324 426 425 427 424
220 221 324 323 116 117 219 118 322 119 222 325 427 426 428 425
221 222 325 324 117 118 220 119 323 120 223 326 428 427 429 426
222 223 326 325 118 119 221 120 324 121 224 327 429 428 430 427
223 224 327 326 119 120 222 121 325 122 225 328 430 429 431 428
224 225 328 327 120 121 223 122 326 123 226 329 431 430 432 429
225 226 329 328 121 122 224 123 327 124 227 330 432 431 433 430
226 227 330 329 122 123 225 124 328 125 228 331 433 432 434 431
227 228 331 330 123 124 226 125 329 126 229 332 434 433 435 432
228 229 332 331 124 125 227 126 330 127 230 333 435 434 436 433
229 230 333 332 125 126 228 127 331 128 231 334 436 435 437 434
230 231 334 333 126 127 229 128 332 129 232 335 437 436 438 435
231 232 335 334 127 128 230 129 333 130 233 336 438 437 439 436
232 233 336 335 128 129 231 130 334 131 234 337 439 438 440 437
233 234 337 336 129 130 232 131 335 132 235 338 440 439 441 438
234 235 338 337 130 131 233 132 336 133 236 339 441 440 442 439
235 236 339 338 131 132 234 133 337 134 237 340 442 441 443 440
236 237 340 339 132 133 235 134 338 135 238 341 443 442 444 441
237 238 341 340 133 134 236 135 339 136 239 342 444 443 445 442
238 239 342 341 134 135 237 136 340 137 240 343 445 444 446 443
239 240 343 342 135 136 238 137 341 138 241 344 446 445 447 444
240 241 344 343 136 137 239 138 342 139 242 345 447 446 448 445
241 242 345 344 137 138 240 139 343 140 243 346 448 447 449 446
242 243 346 345 138 139 241 140 344 141 244 347 449 448 450 447
243 244 347 346 139 140 242 141 345 142 245 348 450 449 451 448
244 245 348 347 140 141 243 142 346 143 246 349 451 450 452 449
245 246 349 348 141 142 244 143 347 144 247 350 452 451 453 450
246 247 350 349 142 143 245 144 348 145 248 351 453 452 454 451
247 248 351 350 143 144 246 145 349 146 249 352 454 453 455 452
248 249 352 351 144 145 247 146 350 147 250 353 455 454 456 453
249 250 353 352 145 146 248 147 351 148 251 354 456 455 457 454
250 251 354 353 146 147 249 148 352 149 252 355 457 456 458 455
251 252 355 354 147 148 250 149 353 150 253 356 458 457 459 456
252 253 356 355 148 149 251 150 354 151 254 357 459 458 460 457
253 254 357 356 149 150 252 151 355 152 255 358 460 459 461 458
254 255 358 357 150 151 253 152 356 153 256 359 461 460 462 459
255 256 359 358 151 152 254 153 357 154 257 360 462 461 463 460
256 257 360 359 152 153 255 154 358 155 258 361 463 462 464 461
257 258 361 360 153 154 256 155 359 156 259 362 464 463 465 462
258 259 362 361 154 155 257 156 360 157 260 363 465 464 466 463
259 260 363 362 155 156 258 157 361 158 261 364 466 465 467 464
260 261 364 363 156 157 259 158 362 159 262 365 467 466 468 465
261 262 365 364 157 158 260 159 363 160 263 366 468 467 469 466
262 263 366 365 158 159 261 160 364 161 264 367 469 468 470 467
263 264 367 366 159 160 262 161 365 162 265 368 470 469 471 468
264 265 368 367 160 161 263 162 366 163 266 369 471 470 472 469
265 266 369 368 161 162 264 163 367 164 267 370 472 471 473 470
266 267 370 369 162 163 265 164 368 165 268 371 473 472 474 471
267 268 371 370 163 164 266 165 369 166 269 372 474 473 475 472
268 269 372 371 164 165 267 166 370 167 270 373 475 474 476 473
269 270 373 372 165 166 268 167 371 168 271 374 476 475 477 474
270 271 374 373 166 167 269 168 372 169 272 375 477 476 478 475
271 272 375 374 167 168 270 169 373 170 273 376 478 477 479 476
272 273 376 375 168 169 271 170 374 171 274 377 479 478 480 477
273 274 377 376 169 170 272 171 375 172 275 378 480 479 481 478
274 275 378 377 170 171 273 172 376 173 276 379 481 480 482 479
275 276 379 378 171 172 274 173 377 174 277 380 482 481 483 480
276 277 380 379 172 173 275 174 378 175 278 381 483 482 484 481
277 278 381 380 173 174 276 175 379 176 279 382 484 483 485 482
278 279 382 381 174 175 277 176 380 177 280 383 485 484 486 483
279 280 383 382 175 176 278 177 381 178 281 384 486 485 487 484
280 281 384 383 176 177 279 178 382 179 282 385 487 486 488 485
281 282 385 384 177 178 280 179 383 180 283 386 488 487 489 486
282 283 386 385 178 179 281 180 384 181 284 387 489 488 490 487
283 284 387 386 179 180 282 181 385 182 285 388 490 489 491 488
284 285 388 387 180 181 283 182 386 183 286 389 491 490 492 489
285 286 389 388 181 182 284 183 387 184 287 390 492 491 493 490
286 287 390 389 182 183 285 184 388 185 288 391 493 492 494 491
287 288 391 390 183 184 286 185 389 186 289 392 494 493 495 492
288 289 392 391 184 185 287 186 390 187 290 393 495 494 496 493
289 290 393 392 185 186 288 187 391 188 291 394 496 495 497 494
290 291 394 393 186 187 289 188 392 189 292 395 497 496 498 495
291 292 395 394 187 188 290 189 393 190 293 396 498 497 499 496
292 293 396 395 188 189 291 190 394 191 294 397 499 498 500 497
293 294 397 396 189 190 292 191 395 192 295 398 500 499 501 498
294 295 398 397 190 191 293 192 396 193 296 399 501 500 502 499
295 296 399 398 191 192 294 193 397 194 297 400 502 501 503 500
296 297 400 399 192 193 295 194 398 195 298 401 503 502 504 501
297 298 401 400 193 194 296 195 399 196 299 402 504 503 505 502
298 299 402 401 194 195 297 196 400 197 300 403 505 504 506 503
299 300 403 402 195 196 298 197 401 198 301 404 506 505 507 504
300 301 404 403 196 197 299 198 402 199 302 405 507 506 508 505
301 302 405 404 197 198 300 199 403 200 303 406 508 507 509 506
302 303 406 405 198 199 301 200 404 201 304 407 509 508 510 507
303 304 407 406 199 200 302 201 405 202 305 408 510 509 511 508
304 305 408 407 200 201 303 202 406 203 306 409 511 510 512 509
305 306 409 408 201 202 304 203 407 204 307 410 512 511 513 510
306 307 410 409 202 203 305 204 408 205 308 411 513 512 514 511
307 308 411 410 203 204 306 205 409 206 309 412 514 513 515 512
311 312 415 414 207 208 310 209 413 210 313 416 518 517 519 516
312 313 416 415 208 209 311 210 414 211 314 417 519 518 520 517
313 314 417 416 209 210 312 211 415 212 315 418 520 519 521 518
314 315 418 417 210 211 313 212 416 213 316 419 521 520 522 519
315 316 419 418 211 212 314 213 417 214 317 420 522 521 523 520
316 317 420 419 212 213 315 214 418 215 318 421 523 522 524 521
317 318 421 420 213 214 316 215 419 216 319 422 524 523 525 522
318 319 422 421 214 215 317 216 420 217 320 423 525 524 526 523
319 320 423 422 215 216 318 217 421 218 321 424 526 525 527 524
320 321 424 423 216 217 319 218 422 219 322 425 527 526 528 525
321 322 425 424 217 218 320 219 423 220 323 426 528 527 529 526
322 323 426 425 218 219 321 220 424 221 324 427 529 528 530 527
323 324 427 426 219 220 322 221 425 222 325 428 530 529 531 528
324 325 428 427 220 221 323 222 426 223 326 429 531 530 532 529
325 326 429 428 221 222 324 223 427 224 327 430 532 531 533 530
326 327 430 429 222 223 325 224 428 225 328 431 533 532 534 531
327 328 431 430 223 224 326 225 429 226 329 432 534 533 535 532
328 329 432 431 224 225 327 226 430 227 330 433 535 534 536 533
329 330 433 432 225 226 328 227 431 228 331 434 536 535 537 534
330 331 434 433 226 227 329 228 432 229 332 435 537 536 538 535
331 332 435 434 227 228 330 229 433 230 333 436 538 537 539 536
332 333 436 435 228 229 331 230 434 231 334 437 539 538 540 537
333 334 437 436 229 230 332 231 435 232 335 438 540 539 541 538
334 335 438 437 230 231 333 232 436 233 336 439 541 540 542 539
335 336 439 438 231 232 334 233 437 234 337 440 542 541 543 540
336 337 440 439 232 233 335 234 438 235 338 441 543 542 544 541
337 338 441 440 233 234 336 235 439 236 339 442 544 543 545 542
338 339 442 441 234 235 337 236 440 237 340 443 545 544 546 543
339 340 443 442 235 236 338 237 441 238 341 444 546 545 547 544
340 341 444 443 236 237 339 238 442 239 342 445 547 546 548 545
341 342 445 444 237 238 340 239 443 240 343 446 548 547 549 546
342 343 446 445 238 239 341 240 444 241 344 447 549 548 550 547
343 344 447 446 239 240 342 241 445 242 345 448 550 549 551 548
344 345 448 447 240 241 343 242 446 243 346 449 551 550 552 549
345 346 449 448 241 242 344 243 447 244 347 450 552 551 553 550
346 347 450 449 242 243 345 244 448 245 348 451 553 552 554 551
347 348 451 450 243 244 346 245 449 246 349 452 554 553 555 552
348 349 452 451 244 245 347 246 450 247 350 453 555 554 556 553
349 350 453 452 245 246 348 247 451 248 351 454 556 555 557 554
350 351 454 453 246 247 349 248 452 249 352 455 557 556 558 555
351 352 455 454 247 248 350 249 453 250 353 456 558 557 559 556
352 353 456 455 248 249 351 250 454 251 354 457 559 558 560 557
353 354 457 456 249 250 352 251 455 252 355 458 560 559 561 558
354 355 458 457 250 251 353 252 456 253 356 459 561 560 562 559
355 356 459 458 251 252 354 253 457 254 357 460 562 561 563 560
356 357 460 459 252 253 355 254 458 255 358 461 563 562 564 561
357 358 461 460 253 254 356 255 459 256 359 462 564 563 565 562
358 359 462 461 254 255 357 256 460 257 360 463 565 564 566 563
359 360 463 462 255 256 358 257 461 258 361 464 566 565 567 564
360 361 464 463 256 257 359 258 462 259 362 465 567 566 568 565
361 362 465 464 257 258 360 259 463 260 363 466 568 567 569 566
362 363 466 465 258 259 361 260 464 261 364 467 569 568 570 567
363 364 467 466 259 260 362 261 465 262 365 468 570 569 571 568
364 365 468 467 260 261 363 262 466 263 366 469 571 570 572 569
365 366 469 468 261 262 364 263 467 264 367 470 572 571 573 570
366 367 470 469 262 263 365 264 468 265 368 471 573 572 574 571
367 368 471 470 263 264 366 265 469 266 369 472 574 573 575 572
368 369 472 471 264 265 367 266 470 267 370 473 575 574 576 573
369 370 473 472 265 266 368 267 471 268 371 474 576 575 577 574
370 371 474 473 266 267 369 268 472 269 372 475 577 576 578 575
371 372 475 474 267 268 370 269 473 270 373 476 578 577 579 576
372 373 476 475 268 269 371 270 474 271 374 477 579 578 580 577
373 374 477 476 269 270 372 271 475 272 375 478 580 579 581 578
374 375 478 477 270 271 373 272 476 273 376 479 581 580 582 579
375 376 479 478 271 272 374 273 477 274 377 480 582 581 583 580
376 377 480 479 272 273 375 274 478 275 378 481 583 582 584 581
377 378 481 480 273 274 376 275 479 276 379 482 584 583 585 582
378 379 482 481 274 275 377 276 480 277 380 483 585 584 586 583
379 380 483 482 275 276 378 277 481 278 381 484 586 585 587 584
380 381 484 483 276 277 379 278 482 279 382 485 587 586 588 585
381 382 485 484 277 278 380 279 483 280 383 486 588 587 589 586
382 383 486 485 278 279 381 280 484 281 384 487 589 588 590 587
383 384 487 486 279 280 382 281 485 282 385 488 590 589 591 588
384 385 488 487 280 281 383 282 486 283 386 489 591 590 592 589
385 386 489 488 281 282 384 283 487 284 387 490 592 591 593 590
386 387 490 489 282 283 385 284 488 285 388 491 593 592 594 591
387 388 491 490 283 284 386 285 489 286 389 492 594 593 595 592
388 389 492 491 284 285 387 286 490 287 390 493 595 594 596 593
389 390 493 492 285 286 388 287 491 288 391 494 596 595 597 594
390 391 494 493 286 287 389 288 492 289 392 495 597 596 598 595
391 392 495 494 287 288 390 289 493 290 393 496 598 597 599 596
392 393 496 495 288 289 391 290 494 291 394 497 599 598 600 597
393 394 497 496 289 290 392 291 495 292 395 498 600 599 601 598
394 395 498 497 290 291 393 292 496 293 396 499 601 600 602 599
395 396 499 498 291 292 394 293 497 294 397 500 602 601 603 600
396 397 500 499 292 293 395 294 498 295 398 501 603 602 604 601
397 398 501 500 293 294 396 295 499 296 399 502 604 603 605 602
398 399 502 501 294 295 397 296 500 297 400 503 605 604 606 603
399 400 503 502 295 296 398 297 501 298 401 504 606 605 607 604
400 401 504 503 296 297 399 298 502 299 402 505 607 606 608 605
401 402 505 504 297 298 400 299 503 300 403 506 608 607 609 606
402 403 506 505 298 299 401 300 504 301 404 507 609 608 610 607
403 404 507 506 299 300 402 301 505 302 405 508 610 609 611 608
404 405 508 507 300 301 403 302 506 303 406 509 611 610 612 609
405 406 509 508 301 302 404 303 507 304 407 510 612 611 613 610
406 407 510 509 302 303 405 304 508 305 408 511 613 612 614 611
407 408 511 510 303 304 406 305 509 306 409 512 614 613 615 612
408 409 512 511 304 305 407 306 510 307 410 513 615 614 616 613
409 410 513 512 305 306 408 307 511 308 411 514 616 615 617 614
410 411 514 513 306 307 409 308 512 309 412 515 617 616 618 615
414 415 518 517 310 311 413 312 516 313 416 519 621 620 622 619
415 416 519 518 311 312 414 313 517 314 417 520 622 621 623 620
416 417 520 519 312 313 415 314 518 315 418 521 623 622 624 621
417 418 521 520 313 314 416 315 519 316 419 522 624 623 625 622
418 419 522 521 314 315 417 316 520 317 420 523 625 624 626 623
419 420 523 522 315 316 418 317 521 318 421 524 626 625 627 624
420 421 524 523 316 317 419 318 522 319 422 525 627 626 628 625
421 422 525 524 317 318 420 319 523 320 423 526 628 627 629 626
422 423 526 525 318 319 421 320 524 321 424 527 629 628 630 627
423 424 527 526 319 320 422 321 525 322 425 528 630 629 631 628
424 425 528 527 320 321 423 322 526 323 426 529 631 630 632 629
425 426 529 528 321 322 424 323 527 324 427 530 632 631 633 630
426 427 530 529 322 323 425 324 528 325 428 531 633 632 634 631
427 428 531 530 323 324 426 325 529 326 429 532 634 633 635 632
428 429 532 531 324 325 427 326 530 327 430 533 635 634 636 633
429 430 533 532 325 326 428 327 531 328 431 534 636 635 637 634
430 431 534 533 326 327 429 328 532 329 432 535 637 636 638 635
431 432 535 534 327 328 430 329 533 330 433 536 638 637 639 636
432 433 536 535 328 329 431 330 534 331 434 537 639 638 640 637
433 434 537 536 329 330 432 331 535 332 435 538 640 639 641 638
434 435 538 537 330 331 433 332 536 333 436 539 641 640 642 639
435 436 539 538 331 332 434 333 537 334 437 540 642 641 643 640
436 437 540 539 332 333 435 334 538 335 438 541 643 642 644 641
437 438 541 540 333 334 436 335 539 336 439 542 644 643 645 642
438 439 542 541 334 335 437 336 540 337 440 543 645 644 646 643
439 440 543 542 335 336 438 337 541 338 441 544 646 645 647 644
440 441 544 543 336 337 439 338 542 339 442 545 647 646 648 645
441 442 545 544 337 338 440 339 543 340 443 546 648 647 649 646
442 443 546 545 338 339 441 340 544 341 444 547 649 648 650 647
443 444 547 546 339 340 442 341 545 342 445 548 650 649 651 648
444 445 548 547 340 341 443 342 546 343 446 549 651 650 652 649
445 446 549 548 341 342 444 343 547 344 447 550 652 651 653 650
446 447 550 549 342 343 445 344 548 345 448 551 653 652 654 651
447 448 551 550 343 344 446 345 549 346 449 552 654 653 655 652
448 449 552 551 344 345 447 346 550 347 450 553 655 654 656 653
449 450 553 552 345 346 448 347 551 348 451 554 656 655 657 654
450 451 554 553 346 347 449 348 552 349 452 555 657 656 658 655
451 452 555 554 347 348 450 349 553 350 453 556 658 657 659 656
452 453 556 555 348 349 451 350 554 351 454 557 659 658 660 657
453 454 557 556 349 350 452 351 555 352 455 558 660 659 661 658
454 455 558 557 350 351 453 352 556 353 456 559 661 660 662 659
455 456 559 558 351 352 454 353 557 354 457 560 662 661 663 660
456 457 560 559 352 353 455 354 558 355 458 561 663 662 664 661
457 458 561 560 353 354 456 355 559 356 459 562 664 663 665 662
458 459 562 561 354 355 457 356 560 357 460 563 665 664 666 663
459 460 563 562 355 356 458 357 561 358 461 564 666 665 667 664
460 461 564 563 356 357 459 358 562 359 462 565 667 666 668 665
461 462 565 564 357 358 460 359 563 360 463 566 668 667 669 666
462 463 566 565 358 359 461 360 564 361 464 567 669 668 670 667
463 464 567 566 359 360 462 361 565 362 465 568 670 669 671 668
464 465 568 567 360 361 463 362 566 363 466 569 671 670 672 669
465 466 569 568 361 362 464 363 567 364 467 570 672 671 673 670
466 467 570 569 362 363 465 364 568 365 468 571 673 672 674 671
467 468 571 570 363 364 466 365 569 366 469 572 674 673 675 672
468 469 572 571 364 365 467 366 570 367 470 573 675 674 676 673
469 470 573 572 365 366 468 367 571 368 471 574 676 675 677 674
470 471 574 573 366 367 469 368 572 369 472 575 677 676 678 675
471 472 575 574 367 368 470 369 573 370 473 576 678 677 679 676
472 473 576 575 368 369 471 370 574 371 474 577 679 678 680 677
473 474 577 576 369 370 472 371 575 372 475 578 680 679 681 678
474 475 578 577 370 371 473 372 576 373 476 579 681 680 682 679
475 476 579 578 371 372 474 373 577 374 477 580 682 681 683 680
476 477 580 579 372 373 475 374 578 375 478 581 683 682 684 681
477 478 581 580 373 374 476 375 579 376 479 582 684 683 685 682
478 479 582 581 374 375 477 376 580 377 480 583 685 684 686 683
479 480 583 582 375 376 478 377 581 378 481 584 686 685 687 684
480 481 584 583 376 377 479 378 582 379 482 585 687 686 688 685
481 482 585 584 377 378 480 379 583 380 483 586 688 687 689 686
482 483 586 585 378 379 481 380 584 381 484 587 689 688 690 687
483 484 587 586 379 380 482 381 585 382 485 588 690 689 691 688
484 485 588 587 380 381 483 382 586 383 486 589 691 690 692 689
485 486 589 588 381 382 484 383 587 384 487 590 692 691 693 690
486 487 590 589 382 383 485 384 588 385 488 591 693 692 694 691
487 488 591 590 383 384 486 385 589 386 489 592 694 693 695 692
488 489 592 591 384 385 487 386 590 387 490 593 695 694 696 693
489 490 593 592 385 386 488 387 591 388 491 594 696 695 697 694
490 491 594 593 386 387 489 388 592 389 492 595 697 696 698 695
491 492 595 594 387 388 490 389 593 390 493 596 698 697 699 696
492 493 596 595 388 389 491 390 594 391 494 597 699 698 700 697
493 494 597 596 389 390 492 391 595 392 495 598 700 699 701 698
494 495 598 597 390 391 493 392 596 393 496 599 701 700 702 699
495 496 599 598 391 392 494 393 597 394 497 600 702 701 703 700
496 497 600 599 392 393 495 394 598 395 498 601 703 702 704 701
497 498 601 600 393 394 496 395 599 396 499 602 704 703 705 702
498 499 602 601 394 395 497 396 600 397 500 603 705 704 706 703
499 500 603 602 395 396 498 397 601 398 501 604 706 705 707 704
500 501 604 603 396 397 499 398 602 399 502 605 707 706 708 705
501 502 605 604 397 398 500 399 603 400 503 606 708 707 709 706
502 503 606 605 398 399 501 400 604 401 504 607 709 708 710 707
503 504 607 606 399 400 502 401 605 402 505 608 710 709 711 708
504 505 608 607 400 401 503 402 606 403 506 609 711 710 712 709
505 506 609 608 401 402 504 403 607 404 507 610 712 711 713 710
506 507 610 609 402 403 505 404 608 405 508 611 713 712 714 711
507 508 611 610 403 404 506 405 609 406 509 612 714 713 715 712
508 509 612 611 404 405 507 406 610 407 510 613 715 714 716 713
509 510 613 612 405 406 508 407 611 408 511 614 716 715 717 714
510 511 614 613 406 407 509 408 612 409 512 615 717 716 718 715
511 512 615 614 407 408 510 409 613 410 513 616 718 717 719 716
512 513 616 615 408 409 511 410 614 411 514 617 719 718 720 717
513 514 617 616 409 410 512 411 615 412 515 618 720 719 721 718
517 518 621 620 413 414 516 415 619 416 519 622 724 723 725 722
518 519 622 621 414 415 517 416 620 417 520 623 725 724 726 723
519 520 623 622 415 416 518 417 621 418 521 624 726 725 727 724
520 521 624 623 416 417 519 418 622 419 522 625 727 726 728 725
521 522 625 624 417 418 520 419 623 420 523 626 728 727 729 726
522 523 626 625 418 419 521 420 624 421 524 627 729 728 730 727
523 524 627 626 419 420 522 421 625 422 525 628 730 729 731 728
524 525 628 627 420 421 523 422 626 423 526 629 731 730 732 729
525 526 629 628 421 422 524 423 627 424 527 630 732 731 733 730
526 527 630 629 422 423 525 424 628 425 528 631 733 732 734 731
527 528 631 630 423 424 526 425 629 426 529 632 734 733 735 732
528 529 632 631 424 425 527 426 630 427 530 633 735 734 736 733
529 530 633 632 425 426 528 427 631 428 531 634 736 735 737 734
530 531 634 633 426 427 529 428 632 429 532 635 737 736 738 735
531 532 635 634 427 428 530 429 633 430 533 636 738 737 739 736
532 533 636 635 428 429 531 430 634 431 534 637 739 738 740 737
533 534 637 636 429 430 532 431 635 432 535 638 740 739 741 738
534 535 638 637 430 431 533 432 636 433 536 639 741 740 742 739
535 536 639 638 431 432 534 433 637 434 537 640 742 741 743 740
536 537 640 639 432 433 535 434 638 435 538 641 743 742 744 741
537 538 641 640 433 434 536 435 639 436 539 642 744 743 745 742
538 539 642 641 434 435 537 436 640 437 540 643 745 744 746 743
539 540 643 642 435 436 538 437 641 438 541 644 746 745 747 744
540 541 644 643 436 437 539 438 642 439 542 645 747 746 748 745
541 542 645 644 437 438 540 439 643 440 543 646 748 747 749 746
542 543 646 645 438 439 541 440 644 441 544 647 749 748 750 747
543 544 647 646 439 440 542 441 645 442 545 648 750 749 751 748
544 545 648 647 440 441 543 442 646 443 546 649 751 750 752 749
545 546 649 648 441 442 544 443 647 444 547 650 752 751 753 750
546 547 650 649 442 443 545 444 648 445 548 651 753 752 754 751
547 548 651 650 443 444 546 445 649 446 549 652 754 753 755 752
548 549 652 651 444 445 547 446 650 447 550 653 755 754 756 753
549 550 653 652 445 446 548 447 651 448 551 654 756 755 757 754
550 551 654 653 446 447 549 448 652 449 552 655 757 756 758 755
551 552 655 654 447 448 550 449 653 450 553 656 758 757 759 756
552 553 656 655 448 449 551 450 654 451 554 657 759 758 760 757
553 554 657 656 449 450 552 451 655 452 555 658 760 759 761 758
554 555 658 657 450 451 553 452 656 453 556 659 761 760 762 759
555 556 659 658 451 452 554 453 657 454 557 660 762 761 763 760
556 557 660 659 452 453 555 454 658 455 558 661 763 762 764 761
557 558 661 660 453 454 556 455 659 456 559 662 764 763 765 762
558 559 662 661 454 455 557 456 660 457 560 663 765 764 766 763
559 560 663 662 455 456 558 457 661 458 561 664 766 765 767 764
560 561 664 663 456 457 559 458 662 459 562 665 767 766 768 765
561 562 665 664 457 458 560 459 663 460 563 666 768 767 769 766
562 563 666 665 458 459 561 460 664 461 564 667 769 768 770 767
563 564 667 666 459 460 562 461 665 462 565 668 770 769 771 768
564 565 668 667 460 461 563 462 666 463 566 669 771 770 772 769
565 566 669 668 461 462 564 463 667 464 567 670 772 771 773 770
566 567 670 669 462 463 565 464 668 465 568 671 773 772 774 771
567 568 671 670 463 464 566 465 669 466 569 672 774 773 775 772
568 569 672 671 464 465 567 466 670 467 570 673 775 774 776 773
569 570 673 672 465 466 568 467 671 468 571 674 776 775 777 774
570 571 674 673 466 467 569 468 672 469 572 675 777 776 778 775
571 572 675 674 467 468 570 469 673 470 573 676 778 777 779 776
572 573 676 675 468 469 571 470 674 471 574 677 779 778 780 777
573 574 677 676 469 470 572 471 675 472 575 678 780 779 781 778
574 575 678 677 470 471 573 472 676 473 576 679 781 780 782 779
575 576 679 678 471 472 574 473 677 474 577 680 782 781 783 780
576 577 680 679 472 473 575 474 678 475 578 681 783 782 784 781
577 578 681 680 473 474 576 475 679 476 579 682 784 783 785 782
578 579 682 681 474 475 577 476 680 477 580 683 785 784 786 783
579 580 683 682 475 476 578 477 681 478 581 684 786 785 787 784
580 581 684 683 476 477 579 478 682 479 582 685 787 786 788 785
581 582 685 684 477 478 580 479 683 480 583 686 788 787 789 786
582 583 686 685 478 479 581 480 684 481 584 687 789 788 790 787
583 584 687 686 479 480 582 481 685 482 585 688 790 789 791 788
584 585 688 687 480 481 583 482 686 483 586 689 791 790 792 789
585 586 689 688 481 482 584 483 687 484 587 690 792 791 793 790
586 587 690 689 482 483 585 484 688 485 588 691 793 792 794 791
587 588 691 690 483 484 586 485 689 486 589 692 794 793 795 792
588 589 692 691 484 485 587 486 690 487 590 693 795 794 796 793
589 590 693 692 485 486 588 487 691 488 591 694 796 795 797 794
590 591 694 693 486 487 589 488 692 489 592 695 797 796 798 795
591 592 695 694 487 488 590 489 693 490 593 696 798 797 799 796
592 593 696 695 488 489 591 490 694 491 594 697 799 798 800 797
593 594 697 696 489 490 592 491 695 492 595 698 800 799 801 798
594 595 698 697 490 491 593 492 696 493 596 699 801 800 802 799
595 596 699 698 491 492 594 493 697 494 597 700 802 801 803 800
596 597 700 699 492 493 595 494 698 495 598 701 803 802 804 801
597 598 701 700 493 494 596 495 699 496 599 702 804 803 805 802
598 599 702 701 494 495 597 496 700 497 600 703 805 804 806 803
599 600 703 702 495 496 598 497 701 498 601 704 806 805 807 804
600 601 704 703 496 497 599 498 702 499 602 705 807 806 808 805
601 602 705 704 497 498 600 499 703 500 603 706 808 807 809 806
602 603 706 705 498 499 601 500 704 501 604 707 809 808 810 807
603 604 707 706 499 500 602 501 705 502 605 708 810 809 811 808
604 605 708 707 500 501 603 502 706 503 606 709 811 810 812 809
605 606 709 708 501 502 604 503 707 504 607 710 812 811 813 810
606 607 710 709 502 503 605 504 708 505 608 711 813 812 814 811
607 608 711 710 503 504 606 505 709 506 609 712 814 813 815 812
608 609 712 711 504 505 607 506 710 507 610 713 815 814 816 813
609 610 713 712 505 506 608 507 711 508 611 714 816 815 817 814
610 611 714 713 506 507 609 508 712 509 612 715 817 816 818 815
611 612 715 714 507 508 610 509 713 510 613 716 818 817 819 816
612 613 716 715 508 509 611 510 714 511 614 717 819 818 820 817
613 614 717 716 509 510 612 511 715 512 615 718 820 819 821 818
614 615 718 717 510 511 613 512 716 513 616 719 821 820 822 819
615 616 719 718 511 512 614 513 717 514 617 720 822 821 823 820
616 617 720 719 512 513 615 514 718 515 618 721 823 822 824 821
620 621 724 723 516 517 619 518 722 519 622 725 827 826 828 825
621 622 725 724 517 518 620 519 723 520 623 726 828 827 829 826
622 623 726 725 518 519 621 520 724 521 624 727 829 828 830 827
623 624 727 726 519 520 622 521 725 522 625 728 830 829 831 828
624 625 728 727 520 521 623 522 726 523 626 729 831 830 832 829
625 626 729 728 521 522 624 523 727 524 627 730 832 831 833 830
626 627 730 729 522 523 625 524 728 525 628 731 833 832 834 831
627 628 731 730 523 524 626 525 729 526 629 732 834 833 835 832
628 629 732 731 524 525 627 526 730 527 630 733 835 834 836 833
629 630 733 732 525 526 628 527 731 528 631 734 836 835 837 834
630 631 734 733 526 527 629 528 732 529 632 735 837 836 838 835
631 632 735 734 527 528 630 529 733 530 633 736 838 837 839 836
632 633 736 735 528 529 631 530 734 531 634 737 839 838 840 837
633 634 737 736 529 530 632 531 735 532 635 738 840 839 841 838
634 635 738 737 530 531 633 532 736 533 636 739 841 840 842 839
635 636 739 738 531 532 634 533 737 534 637 740 842 841 843 840
636 637 740 739 532 533 635 534 738 535 638 741 843 842 844 841
637 638 741 740 533 534 636 535 739 536 639 742 844 843 845 842
638 639 742 741 534 535 637 536 740 537 640 743 845 844 846 843
639 640 743 742 535 536 638 537 741 538 641 744 846 845 847 844
640 641 744 743 536 537 639 538 742 539 642 745 847 846 848 845
641 642 745 744 537 538 640 539 743 540 643 746 848 847 849 846
642 643 746 745 538 539 641 540 744 541 644 747 849 848 850 847
643 644 747 746 539 540 642 541 745 542 645 748 850 849 851 848
644 645 748 747 540 541 643 542 746 543 646 749 851 850 852 849
645 646 749 748 541 542 644 543 747 544 647 750 852 851 853 850
646 647 750 749 542 543 645 544 748 545 648 751 853 852 854 851
647 648 751 750 543 544 646 545 749 546 649 752 854 853 855 852
648 649 752 751 544 545 647 546 750 547 650 753 855 854 856 853
649 650 753 752 545 546 648 547 751 548 651 754 856 855 857 854
650 651 754 753 546 547 649 548 752 549 652 755 857 856 858 855
651 652 755 754 547 548 650 549 753 550 653 756 858 857 859 856
652 653 756 755 548 549 651 550 754 551 654 757 859 858 860 857
653 654 757 756 549 550 652 551 755 552 655 758 860 859 861 858
654 655 758 757 550 551 653 552 756 553 656 759 861 860 862 859
655 656 759 758 551 552 654 553 757 554 657 760 862 861 863 860
656 657 760 759 552 553 655 554 758 555 658 761 863 862 864 861
657 658 761 760 553 554 656 555 759 556 659 762 864 863 865 862
658 659 762 761 554 555 657 556 760 557 660 763 865 864 866 863
659 660 763 762 555 556 658 557 761 558 661 764 866 865 867 864
660 661 764 763 556 557 659 558 762 559 662 765 867 866 868 865
661 662 765 764 557 558 660 559 763 560 663 766 868 867 869 866
662 663 766 765 558 559 661 560 764 561 664 767 869 868 870 867
663 664 767 766 559 560 662 561 765 562 665 768 870 869 871 868
664 665 768 767 560 561 663 562 766 563 666 769 871 870 872 869
665 666 769 768 561 562 664 563 767 564 667 770 872 871 873 870
666 667 770 769 562 563 665 564 768 565 668 771 873 872 874 871
667 668 771 770 563 564 666 565 769 566 669 772 874 873 875 872
668 669 772 771 564 565 667 566 770 567 670 773 875 874 876 873
669 670 773 772 565 566 668 567 771 568 671 774 876 875 877 874
670 671 774 773 566 567 669 568 772 569 672 775 877 876 878 875
671 672 775 774 567 568 670 569 773 570 673 776 878 877 879 876
672 673 776 775 568 569 671 570 774 571 674 777 879 878 880 877
673 674 777 776 569 570 672 571 775 572 675 778 880 879 881 878
674 675 778 777 570 571 673 572 776 573 676 779 881 880 882 879
675 676 779 778 571 572 674 573 777 574 677 780 882 881 883 880
676 677 780 779 572 573 675 574 778 575 678 781 883 882 884 881
677 678 781 780 573 574 676 575 779 576 679 782 884 883 885 882
678 679 782 781 574 575 677 576 780 577 680 783 885 884 886 883
679 680 783 782 575 576 678 577 781 578 681 784 886 885 887 884
680 681 784 783 576 577 679 578 782 579 682 785 887 886 888 885
681 682 785 784 577 578 680 579 783 580 683 786 888 887 889 886
682 683 786 785 578 579 681 580 784 581 684 787 889 888 890 887
683 684 787 786 579 580 682 581 785 582 685 788 890 889 891 888
684 685 788 787 580 581 683 582 786 583 686 789 891 890 892 889
685 686 789 788 581 582 684 583 787 584 687 790 892 891 893 890
686 687 790 789 582 583 685 584 788 585 688 791 893 892 894 891
687 688 791 790 583 584 686 585 789 586 689 792 894 893 895 892
688 689 792 791 584 585 687 586 790 587 690 793 895 894 896 893
689 690 793 792 585 586 688 587 791 588 691 794 896 895 897 894
690 691 794 793 586 587 689 588 792 589 692 795 897 896 898 895
691 692 795 794 587 588 690 589 793 590 693 796 898 897 899 896
692 693 796 795 588 589 691 590 794 591 694 797 899 898 900 897
693 694 797 796 589 590 692 591 795 592 695 798 900 899 901 898
694 695 798 797 590 591 693 592 796 593 696 799 901 900 902 899
695 696 799 798 591 592 694 593 797 594 697 800 902 901 903 900
696 697 800 799 592 593 695 594 798 595 698 801 903 902 904 901
697 698 801 800 593 594 696 595 799 596 699 802 904 903 905 902
698 699 802 801 594 595 697 596 800 597 700 803 905 904 906 903
699 700 803 802 595 596 698 597 801 598 701 804 906 905 907 904
700 701 804 803 596 597 699 598 802 599 702 805 907 906 908 905
701 702 805 804 597 598 700 599 803 600 703 806 908 907 909 906
702 703 806 805 598 599 701 600 804 601 704 807 909 908 910 907
703 704 807 806 599 600 702 601 805 602 705 808 910 909 911 908
704 705 808 807 600 601 703 602 806 603 706 809 911 910 912 909
705 706 809 808 601 602 704 603 807 604 707 810 912 911 913 910
706 707 810 809 602 603 705 604 808 605 708 811 913 912 914 911
707 708 811 810 603 604 706 605 809 606 709 812 914 913 915 912
708 709 812 811 604 605 707 606 810 607 710 813 915 914 916 913
709 710 813 812 605 606 708 607 811 608 711 814 916 915 917 914
710 711 814 813 606 607 709 608 812 609 712 815 917 916 918 915
711 712 815 814 607 608 710 609 813 610 713 816 918 917 919 916
712 713 816 815 608 609 711 610 814 611 714 817 919 918 920 917
713 714 817 816 609 610 712 611 815 612 715 818 920 919 921 918
714 715 818 817 610 611 713 612 816 613 716 819 921 920 922 919
715 716 819 818 611 612 714 613 817 614 717 820 922 921 923 920
716 717 820 819 612 613 715 614 818 615 718 821 923 922 924 921
717 718 821 820 613 614 716 615 819 616 719 822 924 923 925 922
718 719 822 821 614 615 717 616 820 617 720 823 925 924 926 923
719 720 823 822 615 616 718 617 821 618 721 824 926 925 927 924
723 724 827 826 619 620 722 621 825 622 725 828 930 929 931 928
724 725 828 827 620 621 723 622 826 623 726 829 931 930 932 929
725 726 829 828 621 622 724 623 827 624 727 830 932 931 933 930
726 727 830 829 622 623 725 624 828 625 728 831 933 932 934 931
727 728 831 830 623 624 726 625 829 626 729 832 934 933 935 932
728 729 832 831 624 625 727 626 830 627 730 833 935 934 936 933
729 730 833 832 625 626 728 627 831 628 731 834 936 935 937 934
730 731 834 833 626 627 729 628 832 629 732 835 937 936 938 935
731 732 835 834 627 628 730 629 833 630 733 836 938 937 939 936
732 733 836 835 628 629 731 630 834 631 734 837 939 938 940 937
733 734 837 836 629 630 732 631 835 632 735 838 940 939 941 938
734 735 838 837 630 631 733 632 836 633 736 839 941 940 942 939
735 736 839 838 631 632 734 633 837 634 737 840 942 941 943 940
736 737 840 839 632 633 735 634 838 635 738 841 943 942 944 941
737 738 841 840 633 634 736 635 839 636 739 842 944 943 945 942
738 739 842 841 634 635 737 636 840 637 740 843 945 944 946 943
739 740 843 842 635 636 738 637 841 638 741 844 946 945 947 944
740 741 844 843 636 637 739 638 842 639 742 845 947 946 948 945
741 742 845 844 637 638 740 639 843 640 743 846 948 947 949 946
742 743 846 845 638 639 741 640 844 641 744 847 949 948 950 947
743 744 847 846 639 640 742 641 845 642 745 848 950 949 951 948
744 745 848 847 640 641 743 642 846 643 746 849 951 950 952 949
745 746 849 848 641 642 744 643 847 644 747 850 952 951 953 950
746 747 850 849 642 643 745 644 848 645 748 851 953 952 954 951
747 748 851 850 643 644 746 645 849 646 749 852 954 953 955 952
748 749 852 851 644 645 747 646 850 647 750 853 955 954 956 953
749 750 853 852 645 646 748 647 851 648 751 854 956 955 957 954
750 751 854 853 646 647 749 648 852 649 752 855 957 956 958 955
751 752 855 854 647 648 750 649 853 650 753 856 958 957 959 956
752 753 856 855 648 649 751 650 854 651 754 857 959 958 960 957
753 754 857 856 649 650 752 651 855 652 755 858 960 959 961 958
754 755 858 857 650 651 753 652 856 653 756 859 961 960 962 959
755 756 859 858 651 652 754 653 857 654 757 860 962 961 963 960
756 757 860 859 652 653 755 654 858 655 758 861 963 962 964 961
757 758 861 860 653 654 756 655 859 656 759 862 964 963 965 962
758 759 862 861 654 655 757 656 860 657 760 863 965 964 966 963
759 760 863 862 655 656 758 657 861 658 761 864 966 965 967 964
760 761 864 863 656 657 759 658 862 659 762 865 967 966 968 965
761 762 865 864 657 658 760 659 863 660 763 866 968 967 969 966
762 763 866 865 658 659 761 660 864 661 764 867 969 968 970 967
763 764 867 866 659 660 762 661 865 662 765 868 970 969 971 968
764 765 868 867 660 661 763 662 866 663 766 869 971 970 972 969
765 766 869 868 661 662 764 663 867 664 767 870 972 971 973 970
766 767 870 869 662 663 765 664 868 665 768 871 973 972 974 971
767 768 871 870 663 664 766 665 869 666 769 872 974 973 975 972
768 769 872 871 664 665 767 666 870 667 770 873 975 974 976 973
769 770 873 872 665 666 768 667 871 668 771 874 976 975 977 974
770 771 874 873 666 667 769 668 872 669 772 875 977 976 978 975
771 772 875 874 667 668 770 669 873 670 773 876 978 977 979 976
772 773 876 875 668 669 771 670 874 671 774 877 979 978 980 977
773 774 877 876 669 670 772 671 875 672 775 878 980 979 981 978
774 775 878 877 670 671 773 672 876 673 776 879 981 980 982 979
775 776 879 878 671 672 774 673 877 674 777 880 982 981 983 980
776 777 880 879 672 673 775 674 878 675 778 881 983 982 984 981
777 778 881 880 673 674 776 675 879 676 779 882 984 983 985 982
778 779 882 881 674 675 777 676 880 677 780 883 985 984 986 983
779 780 883 882 675 676 778 677 881 678 781 884 986 985 987 984
780 781 884 883 676 677 779 678 882 679 782 885 987 986 988 985
781 782 885 884 677 678 780 679 883 680 783 886 988 987 989 986
782 783 886 885 678 679 781 680 884 681 784 887 989 988 990 987
783 784 887 886 679 680 782 681 885 682 785 888 990 989 991 988
784 785 888 887 680 681 783 682 886 683 786 889 991 990 992 989
785 786 889 888 681 682 784 683 887 684 787 890 992 991 993 990
786 787 890 889 682 683 785 684 888 685 788 891 993 992 994 991
787 788 891 890 683 684 786 685 889 686 789 892 994 993 995 992
788 789 892 891 684 685 787 686 890 687 790 893 995 994 996 993
789 790 893 892 685 686 788 687 891 688 791 894 996 995 997 994
790 791 894 893 686 687 789 688 892 689 792 895 997 996 998 995
791 792 895 894 687 688 790 689 893 690 793 896 998 997 999 996
792 793 896 895 688 689 791 690 894 691 794 897 999 998 1000 997
793 794 897 896 689 690 792 691 895 692 795 898 1000 999 1001 998
794 795 898 897 690 691 793 692 896 693 796 899 1001 1000 1002 999
795 796 899 898 691 692 794 693 897 694 797 900 1002 1001 1003 1000
796 797 900 899 692 693 795 694 898 695 798 901 1003 1002 1004 1001
797 798 901 900 693 694 796 695 899 696 799 902 1004 1003 1005 1002
798 799 902 901 694 695 797 696 900 697 800 903 1005 1004 1006 1003
799 800 903 902 695 696 798 697 901 698 801 904 1006 1005 1007 1004
800 801 904 903 696 697 799 698 902 699 802 905 1007 1006 1008 1005
801 802 905 904 697 698 800 699 903 700 803 906 1008 1007 1009 1006
802 803 906 905 698 699 801 700 904 701 804 907 1009 1008 1010 1007
803 804 907 906 699 700 802 701 905 702 805 908 1010 1009 1011 1008
804 805 908 907 700 701 803 702 906 703 806 909 1011 1010 1012 1009
805 806 909 908 701 702 804 703 907 704 807 910 1012 1011 1013 1010
806 807 910 909 702 703 805 704 908 705 808 911 1013 1012 1014 1011
807 808 911 910 703 704 806 705 909 706 809 912 1014 1013 1015 1012
808 809 912 911 704 705 807 706 910 707 810 913 1015 1014 1016 1013
809 810 913 912 705 706 808 707 911 708 811 914 1016 1015 1017 1014
810 811 914 913 706 707 809 708 912 709 812 915 1017 1016 1018 1015
811 812 915 914 707 708 810 709 913 710 813 916 1018 1017 1019 1016
812 813 916 915 708 709 811 710 914 711 814 917 1019 1018 1020 1017
813 814 917 916 709 710 812 711 915 712 815 918 1020 1019 1021 1018
814 815 918 917 710 711 813 712 916 713 816 919 1021 1020 1022 1019
815 816 919 918 711 712 814 713 917 714 817 920 1022 1021 1023 1020
816 817 920 919 712 713 815 714 918 715 818 921 1023 1022 1024 1021
817 818 921 920 713 714 816 715 919 716 819 922 1024 1023 1025 1022
818 819 922 921 714 715 817 716 920 717 820 923 1025 1024 1026 1023
819 820 923 922 715 716 818 717 921 718 821 924 1026 1025 1027 1024
820 821 924 923 716 717 819 718 922 719 822 925 1027 1026 1028 1025
821 822 925 924 717 718 820 719 923 720 823 926 1028 1027 1029 1026
822 823 926 925 718 719 821 720 924 721 824 927 1029 1028 1030 1027
826 827 930 929 722 723 825 724 928 725 828 931 1033 1032 1034 1031
827 828 931 930 723 724 826 725 929 726 829 932 1034 1033 1035 1032
828 829 932 931 724 725 827 726 930 727 830 933 1035 1034 1036 1033
829 830 933 932 725 726 828 727 931 728 831 934 1036 1035 1037 1034
830 831 934 933 726 727 829 728 932 729 832 935 1037 1036 1038 1035
831 832 935 934 727 728 830 729 933 730 833 936 1038 1037 1039 1036
832 833 936 935 728 729 831 730 934 731 834 937 1039 1038 1040 1037
833 834 937 936 729 730 832 731 935 732 835 938 1040 1039 1041 1038
834 835 938 937 730 731 833 732 936 733 836 939 1041 1040 1042 1039
835 836 939 938 731 732 834 733 937 734 837 940 1042 1041 1043 1040
836 837 940 939 732 733 835 734 938 735 838 941 1043 1042 1044 1041
837 838 941 940 733 734 836 735 939 736 839 942 1044 1043 1045 1042
838 839 942 941 734 735 837 736 940 737 840 943 1045 1044 1046 1043
839 840 943 942 735 736 838 737 941 738 841 944 1046 1045 1047 1044
840 841 944 943 736 737 839 738 942 739 842 945 1047 1046 1048 1045
841 842 945 944 737 738 840 739 943 740 843 946 1048 1047 1049 1046
842 843 946 945 738 739 841 740 944 741 844 947 1049 1048 1050 1047
843 844 947 946 739 740 842 741 945 742 845 948 1050 1049 1051 1048
844 845 948 947 740 741 843 742 946 743 846 949 1051 1050 1052 1049
845 846 949 948 741 742 844 743 947 744 847 950 1052 1051 1053 1050
846 847 950 949 742 743 845 744 948 745 848 951 1053 1052 1054 1051
847 848 951 950 743 744 846 745 949 746 849 952 1054 1053 1055 1052
848 849 952 951 744 745 847 746 950 747 850 953 1055 1054 1056 1053
849 850 953 952 745 746 848 747 951 748 851 954 1056 1055 1057 1054
850 851 954 953 746 747 849 748 952 749 852 955 1057 1056 1058 1055
851 852 955 954 747 748 850 749 953 750 853 956 1058 1057 1059 1056
852 853 956 955 748 749 851 750 954 751 854 957 1059 1058 1060 1057
853 854 957 956 749 750 852 751 955 752 855 958 1060 1059 1061 1058
854 855 958 957 750 751 853 752 956 753 856 959 1061 1060 1062 1059
855 856 959 958 751 752 854 753 957 754 857 960 1062 1061 1063 1060
856 857 960 959 752 753 855 754 958 755 858 961 1063 1062 1064 1061
857 858 961 960 753 754 856 755 959 756 859 962 1064 1063 1065 1062
858 859 962 961 754 755 857 756 960 757 860 963 1065 1064 1066 1063
859 860 963 962 755 756 858 757 961 758 861 964 1066 1065 1067 1064
860 861 964 963 756 757 859 758 962 759 862 965 1067 1066 1068 1065
861 862 965 964 757 758 860 759 963 760 863 966 1068 1067 1069 1066
862 863 966 965 758 759 861 760 964 761 864 967 1069 1068 1070 1067
863 864 967 966 759 760 862 761 965 762 865 968 1070 1069 1071 1068
864 865 968 967 760 761 863 762 966 763 866 969 1071 1070 1072 1069
865 866 969 968 761 762 864 763 967 764 867 970 1072 1071 1073 1070
866 867 970 969 762 763 865 764 968 765 868 971 1073 1072 1074 1071
867 868 971 970 763 764 866 765 969 766 869 972 1074 1073 1075 1072
868 869 972 971 764 765 867 766 970 767 870 973 1075 1074 1076 1073
869 870 973 972 765 766 868 767 971 768 871 974 1076 1075 1077 1074
870 871 974 973 766 767 869 768 972 769 872 975 1077 1076 1078 1075
871 872 975 974 767 768 870 769 973 770 873 976 1078 1077 1079 1076
872 873 976 975 768 769 871 770 974 771 874 977 1079 1078 1080 1077
873 874 977 976 769 770 872 771 975 772 875 978 1080 1079 1081 1078
874 875 978 977 770 771 873 772 976 773 876 979 1081 1080 1082 1079
875 876 979 978 771 772 874 773 977 774 877 980 1082 1081 1083 1080
876 877 980 979 772 773 875 774 978 775 878 981 1083 1082 1084 1081
877 878 981 980 773 774 876 775 979 776 879 982 1084 1083 1085 1082
878 879 982 981 774 775 877 776 980 777 880 983 1085 1084 1086 1083
879 880 983 982 775 776 878 777 981 778 881 984 1086 1085 1087 1084
880 881 984 983 776 777 879 778 982 779 882 985 1087 1086 1088 1085
881 882 985 984 777 778 880 779 983 780 883 986 1088 1087 1089 1086
882 883 986 985 778 779 881 780 984 781 884 987 1089 1088 1090 1087
883 884 987 986 779 780 882 781 985 782 885 988 1090 1089 1091 1088
884 885 988 987 780 781 883 782 986 783 886 989 1091 1090 1092 1089
885 886 989 988 781 782 884 783 987 784 887 990 1092 1091 1093 1090
886 887 990 989 782 783 885 784 988 785 888 991 1093 1092 1094 1091
887 888 991 990 783 784 886 785 989 786 889 992 1094 1093 1095 1092
888 889 992 991 784 785 887 786 990 787 890 993 1095 1094 1096 1093
889 890 993 992 785 786 888 787 991 788 891 994 1096 1095 1097 1094
890 891 994 993 786 787 889 788 992 789 892 995 1097 1096 1098 1095
891 892 995 994 787 788 890 789 993 790 893 996 1098 1097 1099 1096
892 893 996 995 788 789 891 790 994 791 894 997 1099 1098 1100 1097
893 894 997 996 789 790 892 791 995 792 895 998 1100 1099 1101 1098
894 895 998 997 790 791 893 792 996 793 896 999 1101 1100 1102 1099
895 896 999 998 791 792 894 793 997 794 897 1000 1102 1101 1103 1100
896 897 1000 999 792 793 895 794 998 795 898 1001 1103 1102 1104 1101
897 898 1001 1000 793 794 896 795 999 796 899 1002 1104 1103 1105 1102
898 899 1002 1001 794 795 897 796 1000 797 900 1003 1105 1104 1106 1103
899 900 1003 1002 795 796 898 797 1001 798 901 1004 1106 1105 1107 1104
900 901 1004 1003 796 797 899 798 1002 799 902 1005 1107 1106 1108 1105
901 902 1005 1004 797 798 900 799 1003 800 903 1006 1108 1107 1109 1106
902 903 1006 1005 798 799 901 800 1004 801 904 1007 1109 1108 1110 1107
903 904 1007 1006 799 800 902 801 1005 802 905 1008 1110 1109 1111 1108
904 905 1008 1007 800 801 903 802 1006 803 906 1009 1111 1110 1112 1109
905 906 1009 1008 801 802 904 803 1007 804 907 1010 1112 1111 1113 1110
906 907 1010 1009 802 803 905 804 1008 805 908 1011 1113 1112 1114 1111
907 908 1011 1010 803 804 906 805 1009 806 909 1012 1114 1113 1115 1112
908 909 1012 1011 804 805 907 806 1010 807 910 1013 1115 1114 1116 1113
909 910 1013 1012 805 806 908 807 1011 808 911 1014 1116 1115 1117 1114
910 911 1014 1013 806 807 909 808 1012 809 912 1015 1117 1116 1118 1115
911 912 1015 1014 807 808 910 809 1013 810 913 1016 1118 1117 1119 1116
912 913 1016 1015 808 809 911 810 1014 811 914 1017 1119 1118 1120 1117
913 914 1017 1016 809 810 912 811 1015 812 915 1018 1120 1119 1121 1118
914 915 1018 1017 810 811 913 812 1016 813 916 1019 1121 1120 1122 1119
915 916 1019 1018 811 812 914 813 1017 814 917 1020 1122 1121 1123 1120
916 917 1020 1019 812 813 915 814 1018 815 918 1021 1123 1122 1124 1121
917 918 1021 1020 813 814 916 815 1019 816 919 1022 1124 1123 1125 1122
918 919 1022 1021 814 815 917 816 1020 817 920 1023 1125 1124 1126 1123
919 920 1023 1022 815 816 918 817 1021 818 921 1024 1126 1125 1127 1124
920 921 1024 1023 816 817 919 818 1022 819 922 1025 1127 1126 1128 1125
921 922 1025 1024 817 818 920 819 1023 820 923 1026 1128 1127 1129 1126
922 923 1026 1025 818 819 921 820 1024 821 924 1027 1129 1128 1130 1127
923 924 1027 1026 819 820 922 821 1025 822 925 1028 1130 1129 1131 1128
924 925 1028 1027 820 821 923 822 1026 823 926 1029 1131 1130 1132 1129
925 926 1029 1028 821 822 924 823 1027 824 927 1030 1132 1131 1133 1130
929 930 1033 1032 825 826 928 827 1031 828 931 1034 1136 1135 1137 1134
930 931 1034 1033 826 827 929 828 1032 829 932 1035 1137 1136 1138 1135
931 932 1035 1034 827 828 930 829 1033 830 933 1036 1138 1137 1139 1136
932 933 1036 1035 828 829 931 830 1034 831 934 1037 1139 1138 1140 1137
933 934 1037 1036 829 830 932 831 1035 832 935 1038 1140 1139 1141 1138
934 935 1038 1037 830 831 933 832 1036 833 936 1039 1141 1140 1142 1139
935 936 1039 1038 831 832 934 833 1037 834 937 1040 1142 1141 1143 1140
936 937 1040 1039 832 833 935 834 1038 835 938 1041 1143 1142 1144 1141
937 938 1041 1040 833 834 936 835 1039 836 939 1042 1144 1143 1145 1142
938 939 1042 1041 834 835 937 836 1040 837 940 1043 1145 1144 1146 1143
939 940 1043 1042 835 836 938 837 1041 838 941 1044 1146 1145 1147 1144
940 941 1044 1043 836 837 939 838 1042 839 942 1045 1147 1146 1148 1145
941 942 1045 1044 837 838 940 839 1043 840 943 1046 1148 1147 1149 1146
942 943 1046 1045 838 839 941 840 1044 841 944 1047 1149 1148 1150 1147
943 944 1047 1046 839 840 942 841 1045 842 945 1048 1150 1149 1151 1148
944 945 1048 1047 840 841 943 842 1046 843 946 1049 1151 1150 1152 1149
945 946 1049 1048 841 842 944 843 1047 844 947 1050 1152 1151 1153 1150
946 947 1050 1049 842 843 945 844 1048 845 948 1051 1153 1152 1154 1151
947 948 1051 1050 843 844 946 845 1049 846 949 1052 1154 1153 1155 1152
948 949 1052 1051 844 845 947 846 1050 847 950 1053 1155 1154 1156 1153
949 950 1053 1052 845 846 948 847 1051 848 951 1054 1156 1155 1157 1154
950 951 1054 1053 846 847 949 848 1052 849 952 1055 1157 1156 1158 1155
951 952 1055 1054 847 848 950 849 1053 850 953 1056 1158 1157 1159 1156
952 953 1056 1055 848 849 951 850 1054 851 954 1057 1159 1158 1160 1157
953 954 1057 1056 849 850 952 851 1055 852 955 1058 1160 1159 1161 1158
954 955 1058 1057 850 851 953 852 1056 853 956 1059 1161 1160 1162 1159
955 956 1059 1058 851 852 954 853 1057 854 957 1060 1162 1161 1163 1160
956 957 1060 1059 852 853 955 854 1058 855 958 1061 1163 1162 1164 1161
957 958 1061 1060 853 854 956 855 1059 856 959 1062 1164 1163 1165 1162
958 959 1062 1061 854 855 957 856 1060 857 960 1063 1165 1164 1166 1163
959 960 1063 1062 855 856 958 857 1061 858 961 1064 1166 1165 1167 1164
960 961 1064 1063 856 857 959 858 1062 859 962 1065 1167 1166 1168 1165
961 962 1065 1064 857 858 960 859 1063 860 963 1066 1168 1167 1169 1166
962 963 1066 1065 858 859 961 860 1064 861 964 1067 1169 1168 1170 1167
963 964 1067 1066 859 860 962 861 1065 862 965 1068 1170 1169 1171 1168
964 965 1068 1067 860 861 963 862 1066 863 966 1069 1171 1170 1172 1169
965 966 1069 1068 861 862 964 863 1067 864 967 1070 1172 1171 1173 1170
966 967 1070 1069 862 863 965 864 1068 865 968 1071 1173 1172 1174 1171
967 968 1071 1070 863 864 966 865 1069 866 969 1072 1174 1173 1175 1172
968 969 1072 1071 864 865 967 866 1070 867 970 1073 1175 1174 1176 1173
969 970 1073 1072 865 866 968 867 1071 868 971 1074 1176 1175 1177 1174
970 971 1074 1073 866 867 969 868 1072 869 972 1075 1177 1176 1178 1175
971 972 1075 1074 867 868 970 869 1073 870 973 1076 1178 1177 1179 1176
972 973 1076 1075 868 869 971 870 1074 871 974 1077 1179 1178 1180 1177
973 974 1077 1076 869 870 972 871 1075 872 975 1078 1180 1179 1181 1178
974 975 1078 1077 870 871 973 872 1076 873 976 1079 1181 1180 1182 1179
975 976 1079 1078 871 872 974 873 1077 874 977 1080 1182 1181 1183 1180
976 977 1080 1079 872 873 975 874 1078 875 978 1081 1183 1182 1184 1181
977 978 1081 1080 873 874 976 875 1079 876 979 1082 1184 1183 1185 1182
978 979 1082 1081 874 875 977 876 1080 877 980 1083 1185 1184 1186 1183
979 980 1083 1082 875 876 978 877 1081 878 981 1084 1186 1185 1187 1184
980 981 1084 1083 876 877 979 878 1082 879 982 1085 1187 1186 1188 1185
981 982 1085 1084 877 878 980 879 1083 880 983 1086 1188 1187 1189 1186
982 983 1086 1085 878 879 981 880 1084 881 984 1087 1189 1188 1190 1187
983 984 1087 1086 879 880 982 881 1085 882 985 1088 1190 1189 1191 1188
984 985 1088 1087 880 881 983 882 1086 883 986 1089 1191 1190 1192 1189
985 986 1089 1088 881 882 984 883 1087 884 987 1090 1192 1191 1193 1190
986 987 1090 1089 882 883 985 884 1088 885 988 1091 1193 1192 1194 1191
987 988 1091 1090 883 884 986 885 1089 886 989 1092 1194 1193 1195 1192
988 989 1092 1091 884 885 987 886 1090 887 990 1093 1195 1194 1196 1193
989 990 1093 1092 885 886 988 887 1091 888 991 1094 1196 1195 1197 1194
990 991 1094 1093 886 887 989 888 1092 889 992 1095 1197 1196 1198 1195
991 992 1095 1094 887 888 990 889 1093 890 993 1096 1198 1197 1199 1196
992 993 1096 1095 888 889 991 890 1094 891 994 1097 1199 1198 1200 1197
993 994 1097 1096 889 890 992 891 1095 892 995 1098 1200 1199 1201 1198
994 995 1098 1097 890 891 993 892 1096 893 996 1099 1201 1200 1202 1199
995 996 1099 1098 891 892 994 893 1097 894 997 1100 1202 1201 1203 1200
996 997 1100 1099 892 893 995 894 1098 895 998 1101 1203 1202 1204 1201
997 998 1101 1100 893 894 996 895 1099 896 999 1102 1204 1203 1205 1202
998 999 1102 1101 894 895 997 896 1100 897 1000 1103 1205 1204 1206 1203
999 1000 1103 1102 895 896 998 897 1101 898 1001 1104 1206 1205 1207 1204
1000 1001 1104 1103 896 897 999 898 1102 899 1002 1105 1207 1206 1208 1205
1001 1002 1105 1104 897 898 1000 899 1103 900 1003 1106 1208 1207 1209 1206
1002 1003 1106 1105 898 899 1001 900 1104 901 1004 1107 1209 1208 1210 1207
1003 1004 1107 1106 899 900 1002 901 1105 902 1005 1108 1210 1209 1211 1208
1004 1005 1108 1107 900 901 1003 902 1106 903 1006 1109 1211 1210 1212 1209
1005 1006 1109 1108 901 902 1004 903 1107 904 1007 1110 1212 1211 1213 1210
1006 1007 1110 1109 902 903 1005 904 1108 905 1008 1111 1213 1212 1214 1211
1007 1008 1111 1110 903 904 1006 905 1109 906 1009 1112 1214 1213 1215 1212
1008 1009 1112 1111 904 905 1007 906 1110 907 1010 1113 1215 1214 1216 1213
1009 1010 1113 1112 905 906 1008 907 1111 908 1011 1114 1216 1215 1217 1214
1010 1011 1114 1113 906 907 1009 908 1112 909 1012 1115 1217 1216 1218 1215
1011 1012 1115 1114 907 908 1010 909 1113 910 1013 1116 1218 1217 1219 1216
1012 1013 1116 1115 908 909 1011 910 1114 911 1014 1117 1219 1218 1220 1217
1013 1014 1117 1116 909 910 1012 911 1115 912 1015 1118 1220 1219 1221 1218
1014 1015 1118 1117 910 911 1013 912 1116 913 1016 1119 1221 1220 1222 1219
1015 1016 1119 1118 911 912 1014 913 1117 914 1017 1120 1222 1221 1223 1220
1016 1017 1120 1119 912 913 1015 914 1118 915 1018 1121 1223 1222 1224 1221
1017 1018 1121 1120 913 914 1016 915 1119 916 1019 1122 1224 1223 1225 1222
1018 1019 1122 1121 914 915 1017 916 1120 917 1020 1123 1225 1224 1226 1223
1019 1020 1123 1122 915 916 1018 917 1121 918 1021 1124 1226 1225 1227 1224
1020 1021 1124 1123 916 917 1019 918 1122 919 1022 1125 1227 1226 1228 1225
1021 1022 1125 1124 917 918 1020 919 1123 920 1023 1126 1228 1227 1229 1226
1022 1023 1126 1125 918 919 1021 920 1124 921 1024 1127 1229 1228 1230 1227
1023 1024 1127 1126 919 920 1022 921 1125 922 1025 1128 1230 1229 1231 1228
1024 1025 1128 1127 920 921 1023 922 1126 923 1026 1129 1231 1230 1232 1229
1025 1026 1129 1128 921 922 1024 923 1127 924 1027 1130 1232 1231 1233 1230
1026 1027 1130 1129 922 923 1025 924 1128 925 1028 1131 1233 1232 1234 1231
1027 1028 1131 1130 923 924 1026 925 1129 926 1029 1132 1234 1233 1235 1232
1028 1029 1132 1131 924 925 1027 926 1130 927 1030 1133 1235 1234 1236 1233
1032 1033 1136 1135 928 929 1031 930 1134 931 1034 1137 1239 1238 1240 1237
1033 1034 1137 1136 929 930 1032 931 1135 932 1035 1138 1240 1239 1241 1238
1034 1035 1138 1137 930 931 1033 932 1136 933 1036 1139 1241 1240 1242 1239
1035 1036 1139 1138 931 932 1034 933 1137 934 1037 1140 1242 1241 1243 1240
1036 1037 1140 1139 932 933 1035 934 1138 935 1038 1141 1243 1242 1244 1241
1037 1038 1141 1140 933 934 1036 935 1139 936 1039 1142 1244 1243 1245 1242
1038 1039 1142 1141 934 935 1037 936 1140 937 1040 1143 1245 1244 1246 1243
1039 1040 1143 1142 935 936 1038 937 1141 938 1041 1144 1246 1245 1247 1244
1040 1041 1144 1143 936 937 1039 938 1142 939 1042 1145 1247 1246 1248 1245
1041 1042 1145 1144 937 938 1040 939 1143 940 1043 1146 1248 1247 1249 1246
1042 1043 1146 1145 938 939 1041 940 1144 941 1044 1147 1249 1248 1250 1247
1043 1044 1147 1146 939 940 1042 941 1145 942 1045 1148 1250 1249 1251 1248
1044 1045 1148 1147 940 941 1043 942 1146 943 1046 1149 1251 1250 1252 1249
1045 1046 1149 1148 941 942 1044 943 1147 944 1047 1150 1252 1251 1253 1250
1046 1047 1150 1149 942 943 1045 944 1148 945 1048 1151 1253 1252 1254 1251
1047 1048 1151 1150 943 944 1046 945 1149 946 1049 1152 1254 1253 1255 1252
1048 1049 1152 1151 944 945 1047 946 1150 947 1050 1153 1255 1254 1256 1253
1049 1050 1153 1152 945 946 1048 947 1151 948 1051 1154 1256 1255 1257 1254
1050 1051 1154 1153 946 947 1049 948 1152 949 1052 1155 1257 1256 1258 1255
1051 1052 1155 1154 947 948 1050 949 1153 950 1053 1156 1258 1257 1259 1256
1052 1053 1156 1155 948 949 1051 950 1154 951 1054 1157 1259 1258 1260 1257
1053 1054 1157 1156 949 950 1052 951 1155 952 1055 1158 1260 1259 1261 1258
1054 1055 1158 1157 950 951 1053 952 1156 953 1056 1159 1261 1260 1262 1259
1055 1056 1159 1158 951 952 1054 953 1157 954 1057 1160 1262 1261 1263 1260
1056 1057 1160 1159 952 953 1055 954 1158 955 1058 1161 1263 1262 1264 1261
1057 1058 1161 1160 953 954 1056 955 1159 956 1059 1162 1264 1263 1265 1262
1058 1059 1162 1161 954 955 1057 956 1160 957 1060 1163 1265 1264 1266 1263
1059 1060 1163 1162 955 956 1058 957 1161 958 1061 1164 1266 1265 1267 1264
1060 1061 1164 1163 956 957 1059 958 1162 959 1062 1165 1267 1266 1268 1265
1061 1062 1165 1164 957 958 1060 959 1163 960 1063 1166 1268 1267 1269 1266
1062 1063 1166 1165 958 959 1061 960 1164 961 1064 1167 1269 1268 1270 1267
1063 1064 1167 1166 959 960 1062 961 1165 962 1065 1168 1270 1269 1271 1268
1064 1065 1168 1167 960 961 1063 962 1166 963 1066 1169 1271 1270 1272 1269
1065 1066 1169 1168 961 962 1064 963 1167 964 1067 1170 1272 1271 1273 1270
1066 1067 1170 1169 962 963 1065 964 1168 965 1068 1171 1273 1272 1274 1271
1067 1068 1171 1170 963 964 1066 965 1169 966 1069 1172 1274 1273 1275 1272
1068 1069 1172 1171 964 965 1067 966 1170 967 1070 1173 1275 1274 1276 1273
1069 1070 1173 1172 965 966 1068 967 1171 968 1071 1174 1276 1275 1277 1274
1070 1071 1174 1173 966 967 1069 968 1172 969 1072 1175 1277 1276 1278 1275
1071 1072 1175 1174 967 968 1070 969 1173 970 1073 1176 1278 1277 1279 1276
1072 1073 1176 1175 968 969 1071 970 1174 971 1074 1177 1279 1278 1280 1277
1073 1074 1177 1176 969 970 1072 971 1175 972 1075 1178 1280 1279 1281 1278
1074 1075 1178 1177 970 971 1073 972 1176 973 1076 1179 1281 1280 1282 1279
1075 1076 1179 1178 971 972 1074 973 1177 974 1077 1180 1282 1281 1283 1280
1076 1077 1180 1179 972 973 1075 974 1178 975 1078 1181 1283 1282 1284 1281
1077 1078 1181 1180 973 974 1076 975 1179 976 1079 1182 1284 1283 1285 1282
1078 1079 1182 1181 974 975 1077 976 1180 977 1080 1183 1285 1284 1286 1283
1079 1080 1183 1182 975 976 1078 977 1181 978 1081 1184 1286 1285 1287 1284
1080 1081 1184 1183 976 977 1079 978 1182 979 1082 1185 1287 1286 1288 1285
1081 1082 1185 1184 977 978 1080 979 1183 980 1083 1186 1288 1287 1289 1286
1082 1083 1186 1185 978 979 1081 980 1184 981 1084 1187 1289 1288 1290 1287
1083 1084 1187 1186 979 980 1082 981 1185 982 1085 1188 1290 1289 1291 1288
1084 1085 1188 1187 980 981 1083 982 1186 983 1086 1189 1291 1290 1292 1289
1085 1086 1189 1188 981 982 1084 983 1187 984 1087 1190 1292 1291 1293 1290
1086 1087 1190 1189 982 983 1085 984 1188 985 1088 1191 1293 1292 1294 1291
1087 1088 1191 1190 983 984 1086 985 1189 986 1089 1192 1294 1293 1295 1292
1088 1089 1192 1191 984 985 1087 986 1190 987 1090 1193 1295 1294 1296 1293
1089 1090 1193 1192 985 986 1088 987 1191 988 1091 1194 1296 1295 1297 1294
1090 1091 1194 1193 986 987 1089 988 1192 989 1092 1195 1297 1296 1298 1295
1091 1092 1195 1194 987 988 1090 989 1193 990 1093 1196 1298 1297 1299 1296
1092 1093 1196 1195 988 989 1091 990 1194 991 1094 1197 1299 1298 1300 1297
1093 1094 1197 1196 989 990 1092 991 1195 992 1095 1198 1300 1299 1301 1298
1094 1095 1198 1197 990 991 1093 992 1196 993 1096 1199 1301 1300 1302 1299
1095 1096 1199 1198 991 992 1094 993 1197 994 1097 1200 1302 1301 1303 1300
1096 1097 1200 1199 992 993 1095 994 1198 995 1098 1201 1303 1302 1304 1301
1097 1098 1201 1200 993 994 1096 995 1199 996 1099 1202 1304 1303 1305 1302
1098 1099 1202 1201 994 995 1097 996 1200 997 1100 1203 1305 1304 1306 1303
1099 1100 1203 1202 995 996 1098 997 1201 998 1101 1204 1306 1305 1307 1304
1100 1101 1204 1203 996 997 1099 998 1202 999 1102 1205 1307 1306 1308 1305
1101 1102 1205 1204 997 998 1100 999 1203 1000 1103 1206 1308 1307 1309 1306
1102 1103 1206 1205 998 999 1101 1000 1204 1001 1104 1207 1309 1308 1310 1307
1103 1104 1207 1206 999 1000 1102 1001 1205 1002 1105 1208 1310 1309 1311 1308
1104 1105 1208 1207 1000 1001 1103 1002 1206 1003 1106 1209 1311 1310 1312 1309
1105 1106 1209 1208 1001 1002 1104 1003 1207 1004 1107 1210 1312 1311 1313 1310
1106 1107 1210 1209 1002 1003 1105 1004 1208 1005 1108 1211 1313 1312 1314 1311
1107 1108 1211 1210 1003 1004 1106 1005 1209 1006 1109 1212 1314 1313 1315 1312
1108 1109 1212 1211 1004 1005 1107 1006 1210 1007 1110 1213 1315 1314 1316 1313
1109 1110 1213 1212 1005 1006 1108 1007 1211 1008 1111 1214 1316 1315 1317 1314
1110 1111 1214 1213 1006 1007 1109 1008 1212 1009 1112 1215 1317 1316 1318 1315
1111 1112 1215 1214 1007 1008 1110 1009 1213 1010 1113 1216 1318 1317 1319 1316
1112 1113 1216 1215 1008 1009 1111 1010 1214 1011 1114 1217 1319 1318 1320 1317
1113 1114 1217 1216 1009 1010 1112 1011 1215 1012 1115 1218 1320 1319 1321 1318
1114 1115 1218 1217 1010 1011 1113 1012 1216 1013 1116 1219 1321 1320 1322 1319
1115 1116 1219 1218 1011 1012 1114 1013 1217 1014 1117 1220 1322 1321 1323 1320
1116 1117 1220 1219 1012 1013 1115 1014 1218 1015 1118 1221 1323 1322 1324 1321
1117 1118 1221 1220 1013 1014 1116 1015 1219 1016 1119 1222 1324 1323 1325 1322
1118 1119 1222 1221 1014 1015 1117 1016 1220 1017 1120 1223 1325 1324 1326 1323
1119 1120 1223 1222 1015 1016 1118 1017 1221 1018 1121 1224 1326 1325 1327 1324
1120 1121 1224 1223 1016 1017 1119 1018 1222 1019 1122 1225 1327 1326 1328 1325
1121 1122 1225 1224 1017 1018 1120 1019 1223 1020 1123 1226 1328 1327 1329 1326
1122 1123 1226 1225 1018 1019 1121 1020 1224 1021 1124 1227 1329 1328 1330 1327
1123 1124 1227 1226 1019 1020 1122 1021 1225 1022 1125 1228 1330 1329 1331 1328
1124 1125 1228 1227 1020 1021 1123 1022 1226 1023 1126 1229 1331 1330 1332 1329
1125 1126 1229 1228 1021 1022 1124 1023 1227 1024 1127 1230 1332 1331 1333 1330
1126 1127 1230 1229 1022 1023 1125 1024 1228 1025 1128 1231 1333 1332 1334 1331
1127 1128 1231 1230 1023 1024 1126 1025 1229 1026 1129 1232 1334 1333 1335 1332
1128 1129 1232 1231 1024 1025 1127 1026 1230 1027 1130 1233 1335 1334 1336 1333
1129 1130 1233 1232 1025 1026 1128 1027 1231 1028 1131 1234 1336 1335 1337 1334
1130 1131 1234 1233 1026 1027 1129 1028 1232 1029 1132 1235 1337 1336 1338 1335
1131 1132 1235 1234 1027 1028 1130 1029 1233 1030 1133 1236 1338 1337 1339 1336
