784
0 0 0
0.111111 0 0
0.166667 0 0
0.212963 0 0
0 0.111111 0
0.111111 0.111111 0
0.166667 0.111111 0
0.212963 0.111111 0
0 0.166667 0
0.111111 0.166667 0
0.166667 0.166667 0
0.212963 0.166667 0
0 0.212963 0
0.111111 0.212963 0
0.166667 0.212963 0
0.212963 0.212963 0
0.212963 0 0
0.259259 0 0
0.296296 0 0
0.333333 0 0
0.212963 0.111111 0
0.259259 0.111111 0
0.296296 0.111111 0
0.333333 0.111111 0
0.212963 0.166667 0
0.259259 0.166667 0
0.296296 0.166667 0
0.333333 0.166667 0
0.212963 0.212963 0
0.259259 0.212963 0
0.296296 0.212963 0
0.333333 0.212963 0
0.333333 0 0
0.37037 0 0
0.407407 0 0
0.444444 0 0
0.333333 0.111111 0
0.37037 0.111111 0
0.407407 0.111111 0
0.444444 0.111111 0
0.333333 0.166667 0
0.37037 0.166667 0
0.407407 0.166667 0
0.444444 0.166667 0
0.333333 0.212963 0
0.37037 0.212963 0
0.407407 0.212963 0
0.444444 0.212963 0
0.444444 0 0
0.481481 0 0
0.518519 0 0
0.555556 0 0
0.444444 0.111111 0
0.481481 0.111111 0
0.518519 0.111111 0
0.555556 0.111111 0
0.444444 0.166667 0
0.481481 0.166667 0
0.518519 0.166667 0
0.555556 0.166667 0
0.444444 0.212963 0
0.481481 0.212963 0
0.518519 0.212963 0
0.555556 0.212963 0
0.555556 0 0
0.592593 0 0
0.62963 0 0
0.666667 0 0
0.555556 0.111111 0
0.592593 0.111111 0
0.62963 0.111111 0
0.666667 0.111111 0
0.555556 0.166667 0
0.592593 0.166667 0
0.62963 0.166667 0
0.666667 0.166667 0
0.555556 0.212963 0
0.592593 0.212963 0
0.62963 0.212963 0
0.666667 0.212963 0
0.666667 0 0
0.703704 0 0
0.740741 0 0
0.787037 0 0
0.666667 0.111111 0
0.703704 0.111111 0
0.740741 0.111111 0
0.787037 0.111111 0
0.666667 0.166667 0
0.703704 0.166667 0
0.740741 0.166667 0
0.787037 0.166667 0
0.666667 0.212963 0
0.703704 0.212963 0
0.740741 0.212963 0
0.787037 0.212963 0
0.787037 0 0
0.833333 0 0
0.888889 0 0
1 0 0
0.787037 0.111111 0
0.833333 0.111111 0
0.888889 0.111111 0
1 0.111111 0
0.787037 0.166667 0
0.833333 0.166667 0
0.888889 0.166667 0
1 0.166667 0
0.787037 0.212963 0
0.833333 0.212963 0
0.888889 0.212963 0
1 0.212963 0
0 0.212963 0
0.111111 0.212963 0
0.166667 0.212963 0
0.212963 0.212963 0
0 0.259259 0
0.111111 0.259259 0
0.166667 0.259259 0
0.212963 0.259259 0
0 0.296296 0
0.111111 0.296296 0
0.166667 0.296296 0
0.212963 0.296296 0
0 0.333333 0
0.111111 0.333333 0
0.166667 0.333333 0
0.212963 0.333333 0
0.212963 0.212963 0
0.259259 0.212963 0
0.296296 0.212963 0
0.333333 0.212963 0
0.212963 0.259259 0
0.259259 0.259259 0
0.296296 0.259259 0
0.333333 0.259259 0
0.212963 0.296296 0
0.259259 0.296296 0
0.296296 0.296296 0
0.333333 0.296296 0
0.212963 0.333333 0
0.259259 0.333333 0
0.296296 0.333333 0
0.333333 0.333333 0
0.333333 0.212963 0
0.37037 0.212963 0
0.407407 0.212963 0
0.444444 0.212963 0
0.333333 0.259259 0
0.37037 0.259259 0
0.407407 0.259259 0
0.444444 0.259259 0
0.333333 0.296296 0
0.37037 0.296296 0
0.407407 0.296296 0
0.444444 0.296296 0
0.333333 0.333333 0
0.37037 0.333333 0
0.407407 0.333333 0
0.444444 0.333333 0
0.444444 0.212963 0
0.481481 0.212963 0
0.518519 0.212963 0
0.555556 0.212963 0
0.444444 0.259259 0
0.481481 0.259259 0
0.518519 0.259259 0
0.555556 0.259259 0
0.444444 0.296296 0
0.481481 0.296296 0
0.518519 0.296296 0
0.555556 0.296296 0
0.444444 0.333333 0
0.481481 0.333333 0
0.518519 0.333333 0
0.555556 0.333333 0
0.555556 0.212963 0
0.592593 0.212963 0
0.62963 0.212963 0
0.666667 0.212963 0
0.555556 0.259259 0
0.592593 0.259259 0
0.62963 0.259259 0
0.666667 0.259259 0
0.555556 0.296296 0
0.592593 0.296296 0
0.62963 0.296296 0
0.666667 0.296296 0
0.555556 0.333333 0
0.592593 0.333333 0
0.62963 0.333333 0
0.666667 0.333333 0
0.666667 0.212963 0
0.703704 0.212963 0
0.740741 0.212963 0
0.787037 0.212963 0
0.666667 0.259259 0
0.703704 0.259259 0
0.740741 0.259259 0
0.787037 0.259259 0
0.666667 0.296296 0
0.703704 0.296296 0
0.740741 0.296296 0
0.787037 0.296296 0
0.666667 0.333333 0
0.703704 0.333333 0
0.740741 0.333333 0
0.787037 0.333333 0
0.787037 0.212963 0
0.833333 0.212963 0
0.888889 0.212963 0
1 0.212963 0
0.787037 0.259259 0
0.833333 0.259259 0
0.888889 0.259259 0
1 0.259259 0
0.787037 0.296296 0
0.833333 0.296296 0
0.888889 0.296296 0
1 0.296296 0
0.787037 0.333333 0
0.833333 0.333333 0
0.888889 0.333333 0
1 0.333333 0
0 0.333333 0
0.111111 0.333333 0
0.166667 0.333333 0
0.212963 0.333333 0
0 0.37037 0
0.111111 0.37037 0
0.166667 0.37037 0
0.212963 0.37037 0
0 0.407407 0
0.111111 0.407407 0
0.166667 0.407407 0
0.212963 0.407407 0
0 0.444444 0
0.111111 0.444444 0
0.166667 0.444444 0
0.212963 0.444444 0
0.212963 0.333333 0
0.259259 0.333333 0
0.296296 0.333333 0
0.333333 0.333333 0
0.212963 0.37037 0
0.259259 0.37037 0
0.296296 0.37037 0
0.333333 0.37037 0
0.212963 0.407407 0
0.259259 0.407407 0
0.296296 0.407407 0
0.333333 0.407407 0
0.212963 0.444444 0
0.259259 0.444444 0
0.296296 0.444444 0
0.333333 0.444444 0
0.333333 0.333333 0
0.37037 0.333333 0
0.407407 0.333333 0
0.444444 0.333333 0
0.333333 0.37037 0
0.37037 0.37037 0
0.407407 0.37037 0
0.444444 0.37037 0
0.333333 0.407407 0
0.37037 0.407407 0
0.407407 0.407407 0
0.444444 0.407407 0
0.333333 0.444444 0
0.37037 0.444444 0
0.407407 0.444444 0
0.444444 0.444444 0
0.444444 0.333333 0
0.481481 0.333333 0
0.518519 0.333333 0
0.555556 0.333333 0
0.444444 0.37037 0
0.481481 0.37037 0
0.518519 0.37037 0
0.555556 0.37037 0
0.444444 0.407407 0
0.481481 0.407407 0
0.518519 0.407407 0
0.555556 0.407407 0
0.444444 0.444444 0
0.481481 0.444444 0
0.518519 0.444444 0
0.555556 0.444444 0
0.555556 0.333333 0
0.592593 0.333333 0
0.62963 0.333333 0
0.666667 0.333333 0
0.555556 0.37037 0
0.592593 0.37037 0
0.62963 0.37037 0
0.666667 0.37037 0
0.555556 0.407407 0
0.592593 0.407407 0
0.62963 0.407407 0
0.666667 0.407407 0
0.555556 0.444444 0
0.592593 0.444444 0
0.62963 0.444444 0
0.666667 0.444444 0
0.666667 0.333333 0
0.703704 0.333333 0
0.740741 0.333333 0
0.787037 0.333333 0
0.666667 0.37037 0
0.703704 0.37037 0
0.740741 0.37037 0
0.787037 0.37037 0
0.666667 0.407407 0
0.703704 0.407407 0
0.740741 0.407407 0
0.787037 0.407407 0
0.666667 0.444444 0
0.703704 0.444444 0
0.740741 0.444444 0
0.787037 0.444444 0
0.787037 0.333333 0
0.833333 0.333333 0
0.888889 0.333333 0
1 0.333333 0
0.787037 0.37037 0
0.833333 0.37037 0
0.888889 0.37037 0
1 0.37037 0
0.787037 0.407407 0
0.833333 0.407407 0
0.888889 0.407407 0
1 0.407407 0
0.787037 0.444444 0
0.833333 0.444444 0
0.888889 0.444444 0
1 0.444444 0
0 0.444444 0
0.111111 0.444444 0
0.166667 0.444444 0
0.212963 0.444444 0
0 0.481481 0
0.111111 0.481481 0
0.166667 0.481481 0
0.212963 0.481481 0
0 0.518519 0
0.111111 0.518519 0
0.166667 0.518519 0
0.212963 0.518519 0
0 0.555556 0
0.111111 0.555556 0
0.166667 0.555556 0
0.212963 0.555556 0
0.212963 0.444444 0
0.259259 0.444444 0
0.296296 0.444444 0
0.333333 0.444444 0
0.212963 0.481481 0
0.259259 0.481481 0
0.296296 0.481481 0
0.333333 0.481481 0
0.212963 0.518519 0
0.259259 0.518519 0
0.296296 0.518519 0
0.333333 0.518519 0
0.212963 0.555556 0
0.259259 0.555556 0
0.296296 0.555556 0
0.333333 0.555556 0
0.333333 0.444444 0
0.37037 0.444444 0
0.407407 0.444444 0
0.444444 0.444444 0
0.333333 0.481481 0
0.37037 0.481481 0
0.407407 0.481481 0
0.444444 0.481481 0
0.333333 0.518519 0
0.37037 0.518519 0
0.407407 0.518519 0
0.444444 0.518519 0
0.333333 0.555556 0
0.37037 0.555556 0
0.407407 0.555556 0
0.444444 0.555556 0
0.444444 0.444444 0
0.481481 0.444444 0
0.518519 0.444444 0
0.555556 0.444444 0
0.444444 0.481481 0
0.481481 0.481481 0
0.518519 0.481481 0
0.555556 0.481481 0
0.444444 0.518519 0
0.481481 0.518519 0
0.518519 0.518519 0
0.555556 0.518519 0
0.444444 0.555556 0
0.481481 0.555556 0
0.518519 0.555556 0
0.555556 0.555556 0
0.555556 0.444444 0
0.592593 0.444444 0
0.62963 0.444444 0
0.666667 0.444444 0
0.555556 0.481481 0
0.592593 0.481481 0
0.62963 0.481481 0
0.666667 0.481481 0
0.555556 0.518519 0
0.592593 0.518519 0
0.62963 0.518519 0
0.666667 0.518519 0
0.555556 0.555556 0
0.592593 0.555556 0
0.62963 0.555556 0
0.666667 0.555556 0
0.666667 0.444444 0
0.703704 0.444444 0
0.740741 0.444444 0
0.787037 0.444444 0
0.666667 0.481481 0
0.703704 0.481481 0
0.740741 0.481481 0
0.787037 0.481481 0
0.666667 0.518519 0
0.703704 0.518519 0
0.740741 0.518519 0
0.787037 0.518519 0
0.666667 0.555556 0
0.703704 0.555556 0
0.740741 0.555556 0
0.787037 0.555556 0
0.787037 0.444444 0
0.833333 0.444444 0
0.888889 0.444444 0
1 0.444444 0
0.787037 0.481481 0
0.833333 0.481481 0
0.888889 0.481481 0
1 0.481481 0
0.787037 0.518519 0
0.833333 0.518519 0
0.888889 0.518519 0
1 0.518519 0
0.787037 0.555556 0
0.833333 0.555556 0
0.888889 0.555556 0
1 0.555556 0
0 0.555556 0
0.111111 0.555556 0
0.166667 0.555556 0
0.212963 0.555556 0
0 0.592593 0
0.111111 0.592593 0
0.166667 0.592593 0
0.212963 0.592593 0
0 0.62963 0
0.111111 0.62963 0
0.166667 0.62963 0
0.212963 0.62963 0
0 0.666667 0
0.111111 0.666667 0
0.166667 0.666667 0
0.212963 0.666667 0
0.212963 0.555556 0
0.259259 0.555556 0
0.296296 0.555556 0
0.333333 0.555556 0
0.212963 0.592593 0
0.259259 0.592593 0
0.296296 0.592593 0
0.333333 0.592593 0
0.212963 0.62963 0
0.259259 0.62963 0
0.296296 0.62963 0
0.333333 0.62963 0
0.212963 0.666667 0
0.259259 0.666667 0
0.296296 0.666667 0
0.333333 0.666667 0
0.333333 0.555556 0
0.37037 0.555556 0
0.407407 0.555556 0
0.444444 0.555556 0
0.333333 0.592593 0
0.37037 0.592593 0
0.407407 0.592593 0
0.444444 0.592593 0
0.333333 0.62963 0
0.37037 0.62963 0
0.407407 0.62963 0
0.444444 0.62963 0
0.333333 0.666667 0
0.37037 0.666667 0
0.407407 0.666667 0
0.444444 0.666667 0
0.444444 0.555556 0
0.481481 0.555556 0
0.518519 0.555556 0
0.555556 0.555556 0
0.444444 0.592593 0
0.481481 0.592593 0
0.518519 0.592593 0
0.555556 0.592593 0
0.444444 0.62963 0
0.481481 0.62963 0
0.518519 0.62963 0
0.555556 0.62963 0
0.444444 0.666667 0
0.481481 0.666667 0
0.518519 0.666667 0
0.555556 0.666667 0
0.555556 0.555556 0
0.592593 0.555556 0
0.62963 0.555556 0
0.666667 0.555556 0
0.555556 0.592593 0
0.592593 0.592593 0
0.62963 0.592593 0
0.666667 0.592593 0
0.555556 0.62963 0
0.592593 0.62963 0
0.62963 0.62963 0
0.666667 0.62963 0
0.555556 0.666667 0
0.592593 0.666667 0
0.62963 0.666667 0
0.666667 0.666667 0
0.666667 0.555556 0
0.703704 0.555556 0
0.740741 0.555556 0
0.787037 0.555556 0
0.666667 0.592593 0
0.703704 0.592593 0
0.740741 0.592593 0
0.787037 0.592593 0
0.666667 0.62963 0
0.703704 0.62963 0
0.740741 0.62963 0
0.787037 0.62963 0
0.666667 0.666667 0
0.703704 0.666667 0
0.740741 0.666667 0
0.787037 0.666667 0
0.787037 0.555556 0
0.833333 0.555556 0
0.888889 0.555556 0
1 0.555556 0
0.787037 0.592593 0
0.833333 0.592593 0
0.888889 0.592593 0
1 0.592593 0
0.787037 0.62963 0
0.833333 0.62963 0
0.888889 0.62963 0
1 0.62963 0
0.787037 0.666667 0
0.833333 0.666667 0
0.888889 0.666667 0
1 0.666667 0
0 0.666667 0
0.111111 0.666667 0
0.166667 0.666667 0
0.212963 0.666667 0
0 0.703704 0
0.111111 0.703704 0
0.166667 0.703704 0
0.212963 0.703704 0
0 0.740741 0
0.111111 0.740741 0
0.166667 0.740741 0
0.212963 0.740741 0
0 0.787037 0
0.111111 0.787037 0
0.166667 0.787037 0
0.212963 0.787037 0
0.212963 0.666667 0
0.259259 0.666667 0
0.296296 0.666667 0
0.333333 0.666667 0
0.212963 0.703704 0
0.259259 0.703704 0
0.296296 0.703704 0
0.333333 0.703704 0
0.212963 0.740741 0
0.259259 0.740741 0
0.296296 0.740741 0
0.333333 0.740741 0
0.212963 0.787037 0
0.259259 0.787037 0
0.296296 0.787037 0
0.333333 0.787037 0
0.333333 0.666667 0
0.37037 0.666667 0
0.407407 0.666667 0
0.444444 0.666667 0
0.333333 0.703704 0
0.37037 0.703704 0
0.407407 0.703704 0
0.444444 0.703704 0
0.333333 0.740741 0
0.37037 0.740741 0
0.407407 0.740741 0
0.444444 0.740741 0
0.333333 0.787037 0
0.37037 0.787037 0
0.407407 0.787037 0
0.444444 0.787037 0
0.444444 0.666667 0
0.481481 0.666667 0
0.518519 0.666667 0
0.555556 0.666667 0
0.444444 0.703704 0
0.481481 0.703704 0
0.518519 0.703704 0
0.555556 0.703704 0
0.444444 0.740741 0
0.481481 0.740741 0
0.518519 0.740741 0
0.555556 0.740741 0
0.444444 0.787037 0
0.481481 0.787037 0
0.518519 0.787037 0
0.555556 0.787037 0
0.555556 0.666667 0
0.592593 0.666667 0
0.62963 0.666667 0
0.666667 0.666667 0
0.555556 0.703704 0
0.592593 0.703704 0
0.62963 0.703704 0
0.666667 0.703704 0
0.555556 0.740741 0
0.592593 0.740741 0
0.62963 0.740741 0
0.666667 0.740741 0
0.555556 0.787037 0
0.592593 0.787037 0
0.62963 0.787037 0
0.666667 0.787037 0
0.666667 0.666667 0
0.703704 0.666667 0
0.740741 0.666667 0
0.787037 0.666667 0
0.666667 0.703704 0
0.703704 0.703704 0
0.740741 0.703704 0
0.787037 0.703704 0
0.666667 0.740741 0
0.703704 0.740741 0
0.740741 0.740741 0
0.787037 0.740741 0
0.666667 0.787037 0
0.703704 0.787037 0
0.740741 0.787037 0
0.787037 0.787037 0
0.787037 0.666667 0
0.833333 0.666667 0
0.888889 0.666667 0
1 0.666667 0
0.787037 0.703704 0
0.833333 0.703704 0
0.888889 0.703704 0
1 0.703704 0
0.787037 0.740741 0
0.833333 0.740741 0
0.888889 0.740741 0
1 0.740741 0
0.787037 0.787037 0
0.833333 0.787037 0
0.888889 0.787037 0
1 0.787037 0
0 0.787037 0
0.111111 0.787037 0
0.166667 0.787037 0
0.212963 0.787037 0
0 0.833333 0
0.111111 0.833333 0
0.166667 0.833333 0
0.212963 0.833333 0
0 0.888889 0
0.111111 0.888889 0
0.166667 0.888889 0
0.212963 0.888889 0
0 1 0
0.111111 1 0
0.166667 1 0
0.212963 1 0
0.212963 0.787037 0
0.259259 0.787037 0
0.296296 0.787037 0
0.333333 0.787037 0
0.212963 0.833333 0
0.259259 0.833333 0
0.296296 0.833333 0
0.333333 0.833333 0
0.212963 0.888889 0
0.259259 0.888889 0
0.296296 0.888889 0
0.333333 0.888889 0
0.212963 1 0
0.259259 1 0
0.296296 1 0
0.333333 1 0
0.333333 0.787037 0
0.37037 0.787037 0
0.407407 0.787037 0
0.444444 0.787037 0
0.333333 0.833333 0
0.37037 0.833333 0
0.407407 0.833333 0
0.444444 0.833333 0
0.333333 0.888889 0
0.37037 0.888889 0
0.407407 0.888889 0
0.444444 0.888889 0
0.333333 1 0
0.37037 1 0
0.407407 1 0
0.444444 1 0
0.444444 0.787037 0
0.481481 0.787037 0
0.518519 0.787037 0
0.555556 0.787037 0
0.444444 0.833333 0
0.481481 0.833333 0
0.518519 0.833333 0
0.555556 0.833333 0
0.444444 0.888889 0
0.481481 0.888889 0
0.518519 0.888889 0
0.555556 0.888889 0
0.444444 1 0
0.481481 1 0
0.518519 1 0
0.555556 1 0
0.555556 0.787037 0
0.592593 0.787037 0
0.62963 0.787037 0
0.666667 0.787037 0
0.555556 0.833333 0
0.592593 0.833333 0
0.62963 0.833333 0
0.666667 0.833333 0
0.555556 0.888889 0
0.592593 0.888889 0
0.62963 0.888889 0
0.666667 0.888889 0
0.555556 1 0
0.592593 1 0
0.62963 1 0
0.666667 1 0
0.666667 0.787037 0
0.703704 0.787037 0
0.740741 0.787037 0
0.787037 0.787037 0
0.666667 0.833333 0
0.703704 0.833333 0
0.740741 0.833333 0
0.787037 0.833333 0
0.666667 0.888889 0
0.703704 0.888889 0
0.740741 0.888889 0
0.787037 0.888889 0
0.666667 1 0
0.703704 1 0
0.740741 1 0
0.787037 1 0
0.787037 0.787037 0
0.833333 0.787037 0
0.888889 0.787037 0
1 0.787037 0
0.787037 0.833333 0
0.833333 0.833333 0
0.888889 0.833333 0
1 0.833333 0
0.787037 0.888889 0
0.833333 0.888889 0
0.888889 0.888889 0
1 0.888889 0
0.787037 1 0
0.833333 1 0
0.888889 1 0
1 1 0
