40
15 16 29 28 1 2 14 3 27 4 17 30 42 41 43 40
16 17 30 29 2 3 15 4 28 5 18 31 43 42 44 41
17 18 31 30 3 4 16 5 29 6 19 32 44 43 45 42
18 19 32 31 4 5 17 6 30 7 20 33 45 44 46 43
19 20 33 32 5 6 18 7 31 8 21 34 46 45 47 44
20 21 34 33 6 7 19 8 32 9 22 35 47 46 48 45
21 22 35 34 7 8 20 9 33 10 23 36 48 47 49 46
22 23 36 35 8 9 21 10 34 11 24 37 49 48 50 47
23 24 37 36 9 10 22 11 35 12 25 38 50 49 51 48
24 25 38 37 10 11 23 12 36 13 26 39 51 50 52 49
28 29 42 41 14 15 27 16 40 17 30 43 55 54 56 53
29 30 43 42 15 16 28 17 41 18 31 44 56 55 57 54
30 31 44 43 16 17 29 18 42 19 32 45 57 56 58 55
31 32 45 44 17 18 30 19 43 20 33 46 58 57 59 56
32 33 46 45 18 19 31 20 44 21 34 47 59 58 60 57
33 34 47 46 19 20 32 21 45 22 35 48 60 59 61 58
34 35 48 47 20 21 33 22 46 23 36 49 61 60 62 59
35 36 49 48 21 22 34 23 47 24 37 50 62 61 63 60
36 37 50 49 22 23 35 24 48 25 38 51 63 62 64 61
37 38 51 50 23 24 36 25 49 26 39 52 64 63 65 62
41 42 55 54 27 28 40 29 53 30 43 56 68 67 69 66
42 43 56 55 28 29 41 30 54 31 44 57 69 68 70 67
43 44 57 56 29 30 42 31 55 32 45 58 70 69 71 68
44 45 58 57 30 31 43 32 56 33 46 59 71 70 72 69
45 46 59 58 31 32 44 33 57 34 47 60 72 71 73 70
46 47 60 59 32 33 45 34 58 35 48 61 73 72 74 71
47 48 61 60 33 34 46 35 59 36 49 62 74 73 75 72
48 49 62 61 34 35 47 36 60 37 50 63 75 74 76 73
49 50 63 62 35 36 48 37 61 38 51 64 76 75 77 74
50 51 64 63 36 37 49 38 62 39 52 65 77 76 78 75
54 55 68 67 40 41 53 42 66 43 56 69 81 80 82 79
55 56 69 68 41 42 54 43 67 44 57 70 82 81 83 80
56 57 70 69 42 43 55 44 68 45 58 71 83 82 84 81
57 58 71 70 43 44 56 45 69 46 59 72 84 83 85 82
58 59 72 71 44 45 57 46 70 47 60 73 85 84 86 83
59 60 73 72 45 46 58 47 71 48 61 74 86 85 87 84
60 61 74 73 46 47 59 48 72 49 62 75 87 86 88 85
61 62 75 74 47 48 60 49 73 50 63 76 88 87 89 86
62 63 76 75 48 49 61 50 74 51 64 77 89 88 90 87
63 64 77 76 49 50 62 51 75 52 65 78 90 89 91 88
