640
10 0.5 0
9.95 0.5 0
9.455 0.5 0
9.0425 0.5 0
10 0.46 0
9.95 0.46 0
9.455 0.46 0
9.0425 0.46 0
10 0.345 0
9.95 0.345 0
9.455 0.345 0
9.0425 0.345 0
10 0.249167 0
9.95 0.249167 0
9.455 0.249167 0
9.0425 0.249167 0
9.0425 0.5 0
8.63 0.5 0
8.3 0.5 0
7.97 0.5 0
9.0425 0.46 0
8.63 0.46 0
8.3 0.46 0
7.97 0.46 0
9.0425 0.345 0
8.63 0.345 0
8.3 0.345 0
7.97 0.345 0
9.0425 0.249167 0
8.63 0.249167 0
8.3 0.249167 0
7.97 0.249167 0
7.97 0.5 0
7.64 0.5 0
7.31 0.5 0
6.98 0.5 0
7.97 0.46 0
7.64 0.46 0
7.31 0.46 0
6.98 0.46 0
7.97 0.345 0
7.64 0.345 0
7.31 0.345 0
6.98 0.345 0
7.97 0.249167 0
7.64 0.249167 0
7.31 0.249167 0
6.98 0.249167 0
6.98 0.5 0
6.65 0.5 0
6.32 0.5 0
5.99 0.5 0
6.98 0.46 0
6.65 0.46 0
6.32 0.46 0
5.99 0.46 0
6.98 0.345 0
6.65 0.345 0
6.32 0.345 0
5.99 0.345 0
6.98 0.249167 0
6.65 0.249167 0
6.32 0.249167 0
5.99 0.249167 0
5.99 0.5 0
5.66 0.5 0
5.33 0.5 0
5 0.5 0
5.99 0.46 0
5.66 0.46 0
5.33 0.46 0
5 0.46 0
5.99 0.345 0
5.66 0.345 0
5.33 0.345 0
5 0.345 0
5.99 0.249167 0
5.66 0.249167 0
5.33 0.249167 0
5 0.249167 0
5 0.5 0
4.67 0.5 0
4.34 0.5 0
4.01 0.5 0
5 0.46 0
4.67 0.46 0
4.34 0.46 0
4.01 0.46 0
5 0.345 0
4.67 0.345 0
4.34 0.345 0
4.01 0.345 0
5 0.249167 0
4.67 0.249167 0
4.34 0.249167 0
4.01 0.249167 0
4.01 0.5 0
3.68 0.5 0
3.35 0.5 0
3.02 0.5 0
4.01 0.46 0
3.68 0.46 0
3.35 0.46 0
3.02 0.46 0
4.01 0.345 0
3.68 0.345 0
3.35 0.345 0
3.02 0.345 0
4.01 0.249167 0
3.68 0.249167 0
3.35 0.249167 0
3.02 0.249167 0
3.02 0.5 0
2.69 0.5 0
2.36 0.5 0
2.03 0.5 0
3.02 0.46 0
2.69 0.46 0
2.36 0.46 0
2.03 0.46 0
3.02 0.345 0
2.69 0.345 0
2.36 0.345 0
2.03 0.345 0
3.02 0.249167 0
2.69 0.249167 0
2.36 0.249167 0
2.03 0.249167 0
2.03 0.5 0
1.7 0.5 0
1.37 0.5 0
0.9575 0.5 0
2.03 0.46 0
1.7 0.46 0
1.37 0.46 0
0.9575 0.46 0
2.03 0.345 0
1.7 0.345 0
1.37 0.345 0
0.9575 0.345 0
2.03 0.249167 0
1.7 0.249167 0
1.37 0.249167 0
0.9575 0.249167 0
0.9575 0.5 0
0.545 0.5 0
0.05 0.5 0
0 0.5 0
0.9575 0.46 0
0.545 0.46 0
0.05 0.46 0
0 0.46 0
0.9575 0.345 0
0.545 0.345 0
0.05 0.345 0
0 0.345 0
0.9575 0.249167 0
0.545 0.249167 0
0.05 0.249167 0
0 0.249167 0
10 0.249167 0
9.95 0.249167 0
9.455 0.249167 0
9.0425 0.249167 0
10 0.153333 0
9.95 0.153333 0
9.455 0.153333 0
9.0425 0.153333 0
10 0.0766667 0
9.95 0.0766667 0
9.455 0.0766667 0
9.0425 0.0766667 0
10 2.08167e-17 0
9.95 0 0
9.455 0 0
9.0425 0 0
9.0425 0.249167 0
8.63 0.249167 0
8.3 0.249167 0
7.97 0.249167 0
9.0425 0.153333 0
8.63 0.153333 0
8.3 0.153333 0
7.97 0.153333 0
9.0425 0.0766667 0
8.63 0.0766667 0
8.3 0.0766667 0
7.97 0.0766667 0
9.0425 0 0
8.63 0 0
8.3 0 0
7.97 0 0
7.97 0.249167 0
7.64 0.249167 0
7.31 0.249167 0
6.98 0.249167 0
7.97 0.153333 0
7.64 0.153333 0
7.31 0.153333 0
6.98 0.153333 0
7.97 0.0766667 0
7.64 0.0766667 0
7.31 0.0766667 0
6.98 0.0766667 0
7.97 0 0
7.64 0 0
7.31 0 0
6.98 0 0
6.98 0.249167 0
6.65 0.249167 0
6.32 0.249167 0
5.99 0.249167 0
6.98 0.153333 0
6.65 0.153333 0
6.32 0.153333 0
5.99 0.153333 0
6.98 0.0766667 0
6.65 0.0766667 0
6.32 0.0766667 0
5.99 0.0766667 0
6.98 0 0
6.65 0 0
6.32 0 0
5.99 0 0
5.99 0.249167 0
5.66 0.249167 0
5.33 0.249167 0
5 0.249167 0
5.99 0.153333 0
5.66 0.153333 0
5.33 0.153333 0
5 0.153333 0
5.99 0.0766667 0
5.66 0.0766667 0
5.33 0.0766667 0
5 0.0766667 0
5.99 0 0
5.66 0 0
5.33 0 0
5 0 0
5 0.249167 0
4.67 0.249167 0
4.34 0.249167 0
4.01 0.249167 0
5 0.153333 0
4.67 0.153333 0
4.34 0.153333 0
4.01 0.153333 0
5 0.0766667 0
4.67 0.0766667 0
4.34 0.0766667 0
4.01 0.0766667 0
5 0 0
4.67 0 0
4.34 0 0
4.01 0 0
4.01 0.249167 0
3.68 0.249167 0
3.35 0.249167 0
3.02 0.249167 0
4.01 0.153333 0
3.68 0.153333 0
3.35 0.153333 0
3.02 0.153333 0
4.01 0.0766667 0
3.68 0.0766667 0
3.35 0.0766667 0
3.02 0.0766667 0
4.01 0 0
3.68 0 0
3.35 0 0
3.02 0 0
3.02 0.249167 0
2.69 0.249167 0
2.36 0.249167 0
2.03 0.249167 0
3.02 0.153333 0
2.69 0.153333 0
2.36 0.153333 0
2.03 0.153333 0
3.02 0.0766667 0
2.69 0.0766667 0
2.36 0.0766667 0
2.03 0.0766667 0
3.02 0 0
2.69 -6.93889e-18 0
2.36 -1.38778e-17 0
2.03 -1.38778e-17 0
2.03 0.249167 0
1.7 0.249167 0
1.37 0.249167 0
0.9575 0.249167 0
2.03 0.153333 0
1.7 0.153333 0
1.37 0.153333 0
0.9575 0.153333 0
2.03 0.0766667 0
1.7 0.0766667 0
1.37 0.0766667 0
0.9575 0.0766667 0
2.03 -1.38778e-17 0
1.7 -2.08167e-17 0
1.37 -2.08167e-17 0
0.9575 -2.08167e-17 0
0.9575 0.249167 0
0.545 0.249167 0
0.05 0.249167 0
0 0.249167 0
0.9575 0.153333 0
0.545 0.153333 0
0.05 0.153333 0
0 0.153333 0
0.9575 0.0766667 0
0.545 0.0766667 0
0.05 0.0766667 0
0 0.0766667 0
0.9575 -2.08167e-17 0
0.545 -1.38778e-17 0
0.05 -2.08167e-17 0
0 -2.08167e-17 0
10 2.08167e-17 0
9.95 0 0
9.455 0 0
9.0425 0 0
10 -0.0766667 0
9.95 -0.0766667 0
9.455 -0.0766667 0
9.0425 -0.0766667 0
10 -0.153333 0
9.95 -0.153333 0
9.455 -0.153333 0
9.0425 -0.153333 0
10 -0.249167 0
9.95 -0.249167 0
9.455 -0.249167 0
9.0425 -0.249167 0
9.0425 0 0
8.63 0 0
8.3 0 0
7.97 0 0
9.0425 -0.0766667 0
8.63 -0.0766667 0
8.3 -0.0766667 0
7.97 -0.0766667 0
9.0425 -0.153333 0
8.63 -0.153333 0
8.3 -0.153333 0
7.97 -0.153333 0
9.0425 -0.249167 0
8.63 -0.249167 0
8.3 -0.249167 0
7.97 -0.249167 0
7.97 0 0
7.64 0 0
7.31 0 0
6.98 0 0
7.97 -0.0766667 0
7.64 -0.0766667 0
7.31 -0.0766667 0
6.98 -0.0766667 0
7.97 -0.153333 0
7.64 -0.153333 0
7.31 -0.153333 0
6.98 -0.153333 0
7.97 -0.249167 0
7.64 -0.249167 0
7.31 -0.249167 0
6.98 -0.249167 0
6.98 0 0
6.65 0 0
6.32 0 0
5.99 0 0
6.98 -0.0766667 0
6.65 -0.0766667 0
6.32 -0.0766667 0
5.99 -0.0766667 0
6.98 -0.153333 0
6.65 -0.153333 0
6.32 -0.153333 0
5.99 -0.153333 0
6.98 -0.249167 0
6.65 -0.249167 0
6.32 -0.249167 0
5.99 -0.249167 0
5.99 0 0
5.66 0 0
5.33 0 0
5 0 0
5.99 -0.0766667 0
5.66 -0.0766667 0
5.33 -0.0766667 0
5 -0.0766667 0
5.99 -0.153333 0
5.66 -0.153333 0
5.33 -0.153333 0
5 -0.153333 0
5.99 -0.249167 0
5.66 -0.249167 0
5.33 -0.249167 0
5 -0.249167 0
5 0 0
4.67 0 0
4.34 0 0
4.01 0 0
5 -0.0766667 0
4.67 -0.0766667 0
4.34 -0.0766667 0
4.01 -0.0766667 0
5 -0.153333 0
4.67 -0.153333 0
4.34 -0.153333 0
4.01 -0.153333 0
5 -0.249167 0
4.67 -0.249167 0
4.34 -0.249167 0
4.01 -0.249167 0
4.01 0 0
3.68 0 0
3.35 0 0
3.02 -3.46945e-18 0
4.01 -0.0766667 0
3.68 -0.0766667 0
3.35 -0.0766667 0
3.02 -0.0766667 0
4.01 -0.153333 0
3.68 -0.153333 0
3.35 -0.153333 0
3.02 -0.153333 0
4.01 -0.249167 0
3.68 -0.249167 0
3.35 -0.249167 0
3.02 -0.249167 0
3.02 0 0
2.69 -6.93889e-18 0
2.36 -1.38778e-17 0
2.03 -1.73472e-17 0
3.02 -0.0766667 0
2.69 -0.0766667 0
2.36 -0.0766667 0
2.03 -0.0766667 0
3.02 -0.153333 0
2.69 -0.153333 0
2.36 -0.153333 0
2.03 -0.153333 0
3.02 -0.249167 0
2.69 -0.249167 0
2.36 -0.249167 0
2.03 -0.249167 0
2.03 -1.38778e-17 0
1.7 -2.08167e-17 0
1.37 -1.38778e-17 0
0.9575 -1.9082e-17 0
2.03 -0.0766667 0
1.7 -0.0766667 0
1.37 -0.0766667 0
0.9575 -0.0766667 0
2.03 -0.153333 0
1.7 -0.153333 0
1.37 -0.153333 0
0.9575 -0.153333 0
2.03 -0.249167 0
1.7 -0.249167 0
1.37 -0.249167 0
0.9575 -0.249167 0
0.9575 -1.73472e-17 0
0.545 -1.38778e-17 0
0.05 -2.08167e-17 0
0 -2.08167e-17 0
0.9575 -0.0766667 0
0.545 -0.0766667 0
0.05 -0.0766667 0
0 -0.0766667 0
0.9575 -0.153333 0
0.545 -0.153333 0
0.05 -0.153333 0
0 -0.153333 0
0.9575 -0.249167 0
0.545 -0.249167 0
0.05 -0.249167 0
0 -0.249167 0
10 -0.249167 0
9.95 -0.249167 0
9.455 -0.249167 0
9.0425 -0.249167 0
10 -0.345 0
9.95 -0.345 0
9.455 -0.345 0
9.0425 -0.345 0
10 -0.46 0
9.95 -0.46 0
9.455 -0.46 0
9.0425 -0.46 0
10 -0.5 0
9.95 -0.5 0
9.455 -0.5 0
9.0425 -0.5 0
9.0425 -0.249167 0
8.63 -0.249167 0
8.3 -0.249167 0
7.97 -0.249167 0
9.0425 -0.345 0
8.63 -0.345 0
8.3 -0.345 0
7.97 -0.345 0
9.0425 -0.46 0
8.63 -0.46 0
8.3 -0.46 0
7.97 -0.46 0
9.0425 -0.5 0
8.63 -0.5 0
8.3 -0.5 0
7.97 -0.5 0
7.97 -0.249167 0
7.64 -0.249167 0
7.31 -0.249167 0
6.98 -0.249167 0
7.97 -0.345 0
7.64 -0.345 0
7.31 -0.345 0
6.98 -0.345 0
7.97 -0.46 0
7.64 -0.46 0
7.31 -0.46 0
6.98 -0.46 0
7.97 -0.5 0
7.64 -0.5 0
7.31 -0.5 0
6.98 -0.5 0
6.98 -0.249167 0
6.65 -0.249167 0
6.32 -0.249167 0
5.99 -0.249167 0
6.98 -0.345 0
6.65 -0.345 0
6.32 -0.345 0
5.99 -0.345 0
6.98 -0.46 0
6.65 -0.46 0
6.32 -0.46 0
5.99 -0.46 0
6.98 -0.5 0
6.65 -0.5 0
6.32 -0.5 0
5.99 -0.5 0
5.99 -0.249167 0
5.66 -0.249167 0
5.33 -0.249167 0
5 -0.249167 0
5.99 -0.345 0
5.66 -0.345 0
5.33 -0.345 0
5 -0.345 0
5.99 -0.46 0
5.66 -0.46 0
5.33 -0.46 0
5 -0.46 0
5.99 -0.5 0
5.66 -0.5 0
5.33 -0.5 0
5 -0.5 0
5 -0.249167 0
4.67 -0.249167 0
4.34 -0.249167 0
4.01 -0.249167 0
5 -0.345 0
4.67 -0.345 0
4.34 -0.345 0
4.01 -0.345 0
5 -0.46 0
4.67 -0.46 0
4.34 -0.46 0
4.01 -0.46 0
5 -0.5 0
4.67 -0.5 0
4.34 -0.5 0
4.01 -0.5 0
4.01 -0.249167 0
3.68 -0.249167 0
3.35 -0.249167 0
3.02 -0.249167 0
4.01 -0.345 0
3.68 -0.345 0
3.35 -0.345 0
3.02 -0.345 0
4.01 -0.46 0
3.68 -0.46 0
3.35 -0.46 0
3.02 -0.46 0
4.01 -0.5 0
3.68 -0.5 0
3.35 -0.5 0
3.02 -0.5 0
3.02 -0.249167 0
2.69 -0.249167 0
2.36 -0.249167 0
2.03 -0.249167 0
3.02 -0.345 0
2.69 -0.345 0
2.36 -0.345 0
2.03 -0.345 0
3.02 -0.46 0
2.69 -0.46 0
2.36 -0.46 0
2.03 -0.46 0
3.02 -0.5 0
2.69 -0.5 0
2.36 -0.5 0
2.03 -0.5 0
2.03 -0.249167 0
1.7 -0.249167 0
1.37 -0.249167 0
0.9575 -0.249167 0
2.03 -0.345 0
1.7 -0.345 0
1.37 -0.345 0
0.9575 -0.345 0
2.03 -0.46 0
1.7 -0.46 0
1.37 -0.46 0
0.9575 -0.46 0
2.03 -0.5 0
1.7 -0.5 0
1.37 -0.5 0
0.9575 -0.5 0
0.9575 -0.249167 0
0.545 -0.249167 0
0.05 -0.249167 0
0 -0.249167 0
0.9575 -0.345 0
0.545 -0.345 0
0.05 -0.345 0
0 -0.345 0
0.9575 -0.46 0
0.545 -0.46 0
0.05 -0.46 0
0 -0.46 0
0.9575 -0.5 0
0.545 -0.5 0
0.05 -0.5 0
0 -0.5 0
