40
0 16 0
14 15 28 27 0 1 13 2 26 3 16 29 41 40 42 39
0  0  0  0  0  1  0.5  0.25  0  0.5  0.25  0.125  0  0.25  0.125  0.0625 
0  0  0  0  0  0  0.5  0.583333  0  0  0.25  0.291667  0  0  0.125  0.145833 
0  0  0  0  0  0  0  0  0  0  0.25  0.291667  0  0  0.291667  0.340278 
0  0  0  0  0  0  0  0  0  0.5  0.25  0.125  0  0.583333  0.291667  0.145833 
1  0  0  0  0  0  0  0  0  0  0  0  0  0  0  0 
0  1  0.5  0.25  0  0  0  0  0  0  0  0  0  0  0  0 
0  0  0  0  1  0  0  0  0.5  0  0  0  0.25  0  0  0 
0  0  0.5  0.583333  0  0  0  0  0  0  0  0  0  0  0  0 
0  0  0  0  0  0  0  0  0.5  0  0  0  0.583333  0  0  0 
0  0  0  0.166667  0  0  0  0  0  0  0  0  0  0  0  0 
0  0  0  0  0  0  0  0.166667  0  0  0  0.0833333  0  0  0  0.0416667 
0  0  0  0  0  0  0  0  0  0  0  0.0833333  0  0  0  0.0972222 
0  0  0  0  0  0  0  0  0  0  0  0  0  0  0.0833333  0.0972222 
0  0  0  0  0  0  0  0  0  0  0  0  0  0.166667  0.0833333  0.0416667 
0  0  0  0  0  0  0  0  0  0  0  0  0  0  0  0.0277778 
0  0  0  0  0  0  0  0  0  0  0  0  0.166667  0  0  0 
1 16 0
15 16 29 28 1 2 14 3 27 4 17 30 42 41 43 40
0  0  0  0  0.583333  0.666667  0.333333  0.166667  0.291667  0.333333  0.166667  0.0833333  0.145833  0.166667  0.0833333  0.0416667 
0  0  0  0  0.166667  0.333333  0.666667  0.666667  0.0833333  0.166667  0.333333  0.333333  0.0416667  0.0833333  0.166667  0.166667 
0  0  0  0  0  0  0  0  0.0833333  0.166667  0.333333  0.333333  0.0972222  0.194444  0.388889  0.388889 
0  0  0  0  0  0  0  0  0.291667  0.333333  0.166667  0.0833333  0.340278  0.388889  0.194444  0.0972222 
0.25  0  0  0  0  0  0  0  0  0  0  0  0  0  0  0 
0.583333  0.666667  0.333333  0.166667  0  0  0  0  0  0  0  0  0  0  0  0 
0  0  0  0  0.25  0  0  0  0.125  0  0  0  0.0625  0  0  0 
0.166667  0.333333  0.666667  0.666667  0  0  0  0  0  0  0  0  0  0  0  0 
0  0  0  0  0  0  0  0  0.125  0  0  0  0.145833  0  0  0 
0  0  0  0.166667  0  0  0  0  0  0  0  0  0  0  0  0 
0  0  0  0  0  0  0  0.166667  0  0  0  0.0833333  0  0  0  0.0416667 
0  0  0  0  0  0  0  0  0  0  0  0.0833333  0  0  0  0.0972222 
0  0  0  0  0  0  0  0  0  0  0  0  0.0277778  0.0555556  0.111111  0.111111 
0  0  0  0  0  0  0  0  0  0  0  0  0.0972222  0.111111  0.0555556  0.0277778 
0  0  0  0  0  0  0  0  0  0  0  0  0  0  0  0.0277778 
0  0  0  0  0  0  0  0  0  0  0  0  0.0416667  0  0  0 
2 16 0
16 17 30 29 2 3 15 4 28 5 18 31 43 42 44 41
0  0  0  0  0.666667  0.666667  0.333333  0.166667  0.333333  0.333333  0.166667  0.0833333  0.166667  0.166667  0.0833333  0.0416667 
0  0  0  0  0.166667  0.333333  0.666667  0.666667  0.0833333  0.166667  0.333333  0.333333  0.0416667  0.0833333  0.166667  0.166667 
0  0  0  0  0  0  0  0  0.0833333  0.166667  0.333333  0.333333  0.0972222  0.194444  0.388889  0.388889 
0  0  0  0  0  0  0  0  0.333333  0.333333  0.166667  0.0833333  0.388889  0.388889  0.194444  0.0972222 
0.166667  0  0  0  0  0  0  0  0  0  0  0  0  0  0  0 
0.666667  0.666667  0.333333  0.166667  0  0  0  0  0  0  0  0  0  0  0  0 
0  0  0  0  0.166667  0  0  0  0.0833333  0  0  0  0.0416667  0  0  0 
0.166667  0.333333  0.666667  0.666667  0  0  0  0  0  0  0  0  0  0  0  0 
0  0  0  0  0  0  0  0  0.0833333  0  0  0  0.0972222  0  0  0 
0  0  0  0.166667  0  0  0  0  0  0  0  0  0  0  0  0 
0  0  0  0  0  0  0  0.166667  0  0  0  0.0833333  0  0  0  0.0416667 
0  0  0  0  0  0  0  0  0  0  0  0.0833333  0  0  0  0.0972222 
0  0  0  0  0  0  0  0  0  0  0  0  0.0277778  0.0555556  0.111111  0.111111 
0  0  0  0  0  0  0  0  0  0  0  0  0.111111  0.111111  0.0555556  0.0277778 
0  0  0  0  0  0  0  0  0  0  0  0  0  0  0  0.0277778 
0  0  0  0  0  0  0  0  0  0  0  0  0.0277778  0  0  0 
3 16 0
17 18 31 30 3 4 16 5 29 6 19 32 44 43 45 42
0  0  0  0  0.666667  0.666667  0.333333  0.166667  0.333333  0.333333  0.166667  0.0833333  0.166667  0.166667  0.0833333  0.0416667 
0  0  0  0  0.166667  0.333333  0.666667  0.666667  0.0833333  0.166667  0.333333  0.333333  0.0416667  0.0833333  0.166667  0.166667 
0  0  0  0  0  0  0  0  0.0833333  0.166667  0.333333  0.333333  0.0972222  0.194444  0.388889  0.388889 
0  0  0  0  0  0  0  0  0.333333  0.333333  0.166667  0.0833333  0.388889  0.388889  0.194444  0.0972222 
0.166667  0  0  0  0  0  0  0  0  0  0  0  0  0  0  0 
0.666667  0.666667  0.333333  0.166667  0  0  0  0  0  0  0  0  0  0  0  0 
0  0  0  0  0.166667  0  0  0  0.0833333  0  0  0  0.0416667  0  0  0 
0.166667  0.333333  0.666667  0.666667  0  0  0  0  0  0  0  0  0  0  0  0 
0  0  0  0  0  0  0  0  0.0833333  0  0  0  0.0972222  0  0  0 
0  0  0  0.166667  0  0  0  0  0  0  0  0  0  0  0  0 
0  0  0  0  0  0  0  0.166667  0  0  0  0.0833333  0  0  0  0.0416667 
0  0  0  0  0  0  0  0  0  0  0  0.0833333  0  0  0  0.0972222 
0  0  0  0  0  0  0  0  0  0  0  0  0.0277778  0.0555556  0.111111  0.111111 
0  0  0  0  0  0  0  0  0  0  0  0  0.111111  0.111111  0.0555556  0.0277778 
0  0  0  0  0  0  0  0  0  0  0  0  0  0  0  0.0277778 
0  0  0  0  0  0  0  0  0  0  0  0  0.0277778  0  0  0 
4 16 0
18 19 32 31 4 5 17 6 30 7 20 33 45 44 46 43
0  0  0  0  0.666667  0.666667  0.333333  0.166667  0.333333  0.333333  0.166667  0.0833333  0.166667  0.166667  0.0833333  0.0416667 
0  0  0  0  0.166667  0.333333  0.666667  0.666667  0.0833333  0.166667  0.333333  0.333333  0.0416667  0.0833333  0.166667  0.166667 
0  0  0  0  0  0  0  0  0.0833333  0.166667  0.333333  0.333333  0.0972222  0.194444  0.388889  0.388889 
0  0  0  0  0  0  0  0  0.333333  0.333333  0.166667  0.0833333  0.388889  0.388889  0.194444  0.0972222 
0.166667  0  0  0  0  0  0  0  0  0  0  0  0  0  0  0 
0.666667  0.666667  0.333333  0.166667  0  0  0  0  0  0  0  0  0  0  0  0 
0  0  0  0  0.166667  0  0  0  0.0833333  0  0  0  0.0416667  0  0  0 
0.166667  0.333333  0.666667  0.666667  0  0  0  0  0  0  0  0  0  0  0  0 
0  0  0  0  0  0  0  0  0.0833333  0  0  0  0.0972222  0  0  0 
0  0  0  0.166667  0  0  0  0  0  0  0  0  0  0  0  0 
0  0  0  0  0  0  0  0.166667  0  0  0  0.0833333  0  0  0  0.0416667 
0  0  0  0  0  0  0  0  0  0  0  0.0833333  0  0  0  0.0972222 
0  0  0  0  0  0  0  0  0  0  0  0  0.0277778  0.0555556  0.111111  0.111111 
0  0  0  0  0  0  0  0  0  0  0  0  0.111111  0.111111  0.0555556  0.0277778 
0  0  0  0  0  0  0  0  0  0  0  0  0  0  0  0.0277778 
0  0  0  0  0  0  0  0  0  0  0  0  0.0277778  0  0  0 
5 16 0
19 20 33 32 5 6 18 7 31 8 21 34 46 45 47 44
0  0  0  0  0.666667  0.666667  0.333333  0.166667  0.333333  0.333333  0.166667  0.0833333  0.166667  0.166667  0.0833333  0.0416667 
0  0  0  0  0.166667  0.333333  0.666667  0.666667  0.0833333  0.166667  0.333333  0.333333  0.0416667  0.0833333  0.166667  0.166667 
0  0  0  0  0  0  0  0  0.0833333  0.166667  0.333333  0.333333  0.0972222  0.194444  0.388889  0.388889 
0  0  0  0  0  0  0  0  0.333333  0.333333  0.166667  0.0833333  0.388889  0.388889  0.194444  0.0972222 
0.166667  0  0  0  0  0  0  0  0  0  0  0  0  0  0  0 
0.666667  0.666667  0.333333  0.166667  0  0  0  0  0  0  0  0  0  0  0  0 
0  0  0  0  0.166667  0  0  0  0.0833333  0  0  0  0.0416667  0  0  0 
0.166667  0.333333  0.666667  0.666667  0  0  0  0  0  0  0  0  0  0  0  0 
0  0  0  0  0  0  0  0  0.0833333  0  0  0  0.0972222  0  0  0 
0  0  0  0.166667  0  0  0  0  0  0  0  0  0  0  0  0 
0  0  0  0  0  0  0  0.166667  0  0  0  0.0833333  0  0  0  0.0416667 
0  0  0  0  0  0  0  0  0  0  0  0.0833333  0  0  0  0.0972222 
0  0  0  0  0  0  0  0  0  0  0  0  0.0277778  0.0555556  0.111111  0.111111 
0  0  0  0  0  0  0  0  0  0  0  0  0.111111  0.111111  0.0555556  0.0277778 
0  0  0  0  0  0  0  0  0  0  0  0  0  0  0  0.0277778 
0  0  0  0  0  0  0  0  0  0  0  0  0.0277778  0  0  0 
6 16 0
20 21 34 33 6 7 19 8 32 9 22 35 47 46 48 45
0  0  0  0  0.666667  0.666667  0.333333  0.166667  0.333333  0.333333  0.166667  0.0833333  0.166667  0.166667  0.0833333  0.0416667 
0  0  0  0  0.166667  0.333333  0.666667  0.666667  0.0833333  0.166667  0.333333  0.333333  0.0416667  0.0833333  0.166667  0.166667 
0  0  0  0  0  0  0  0  0.0833333  0.166667  0.333333  0.333333  0.0972222  0.194444  0.388889  0.388889 
0  0  0  0  0  0  0  0  0.333333  0.333333  0.166667  0.0833333  0.388889  0.388889  0.194444  0.0972222 
0.166667  0  0  0  0  0  0  0  0  0  0  0  0  0  0  0 
0.666667  0.666667  0.333333  0.166667  0  0  0  0  0  0  0  0  0  0  0  0 
0  0  0  0  0.166667  0  0  0  0.0833333  0  0  0  0.0416667  0  0  0 
0.166667  0.333333  0.666667  0.666667  0  0  0  0  0  0  0  0  0  0  0  0 
0  0  0  0  0  0  0  0  0.0833333  0  0  0  0.0972222  0  0  0 
0  0  0  0.166667  0  0  0  0  0  0  0  0  0  0  0  0 
0  0  0  0  0  0  0  0.166667  0  0  0  0.0833333  0  0  0  0.0416667 
0  0  0  0  0  0  0  0  0  0  0  0.0833333  0  0  0  0.0972222 
0  0  0  0  0  0  0  0  0  0  0  0  0.0277778  0.0555556  0.111111  0.111111 
0  0  0  0  0  0  0  0  0  0  0  0  0.111111  0.111111  0.0555556  0.0277778 
0  0  0  0  0  0  0  0  0  0  0  0  0  0  0  0.0277778 
0  0  0  0  0  0  0  0  0  0  0  0  0.0277778  0  0  0 
7 16 0
21 22 35 34 7 8 20 9 33 10 23 36 48 47 49 46
0  0  0  0  0.666667  0.666667  0.333333  0.166667  0.333333  0.333333  0.166667  0.0833333  0.166667  0.166667  0.0833333  0.0416667 
0  0  0  0  0.166667  0.333333  0.666667  0.666667  0.0833333  0.166667  0.333333  0.333333  0.0416667  0.0833333  0.166667  0.166667 
0  0  0  0  0  0  0  0  0.0833333  0.166667  0.333333  0.333333  0.0972222  0.194444  0.388889  0.388889 
0  0  0  0  0  0  0  0  0.333333  0.333333  0.166667  0.0833333  0.388889  0.388889  0.194444  0.0972222 
0.166667  0  0  0  0  0  0  0  0  0  0  0  0  0  0  0 
0.666667  0.666667  0.333333  0.166667  0  0  0  0  0  0  0  0  0  0  0  0 
0  0  0  0  0.166667  0  0  0  0.0833333  0  0  0  0.0416667  0  0  0 
0.166667  0.333333  0.666667  0.666667  0  0  0  0  0  0  0  0  0  0  0  0 
0  0  0  0  0  0  0  0  0.0833333  0  0  0  0.0972222  0  0  0 
0  0  0  0.166667  0  0  0  0  0  0  0  0  0  0  0  0 
0  0  0  0  0  0  0  0.166667  0  0  0  0.0833333  0  0  0  0.0416667 
0  0  0  0  0  0  0  0  0  0  0  0.0833333  0  0  0  0.0972222 
0  0  0  0  0  0  0  0  0  0  0  0  0.0277778  0.0555556  0.111111  0.111111 
0  0  0  0  0  0  0  0  0  0  0  0  0.111111  0.111111  0.0555556  0.0277778 
0  0  0  0  0  0  0  0  0  0  0  0  0  0  0  0.0277778 
0  0  0  0  0  0  0  0  0  0  0  0  0.0277778  0  0  0 
8 16 0
22 23 36 35 8 9 21 10 34 11 24 37 49 48 50 47
0  0  0  0  0.666667  0.666667  0.333333  0.166667  0.333333  0.333333  0.166667  0.0833333  0.166667  0.166667  0.0833333  0.0416667 
0  0  0  0  0.166667  0.333333  0.666667  0.583333  0.0833333  0.166667  0.333333  0.291667  0.0416667  0.0833333  0.166667  0.145833 
0  0  0  0  0  0  0  0  0.0833333  0.166667  0.333333  0.291667  0.0972222  0.194444  0.388889  0.340278 
0  0  0  0  0  0  0  0  0.333333  0.333333  0.166667  0.0833333  0.388889  0.388889  0.194444  0.0972222 
0.166667  0  0  0  0  0  0  0  0  0  0  0  0  0  0  0 
0.666667  0.666667  0.333333  0.166667  0  0  0  0  0  0  0  0  0  0  0  0 
0  0  0  0  0.166667  0  0  0  0.0833333  0  0  0  0.0416667  0  0  0 
0.166667  0.333333  0.666667  0.583333  0  0  0  0  0  0  0  0  0  0  0  0 
0  0  0  0  0  0  0  0  0.0833333  0  0  0  0.0972222  0  0  0 
0  0  0  0.25  0  0  0  0  0  0  0  0  0  0  0  0 
0  0  0  0  0  0  0  0.25  0  0  0  0.125  0  0  0  0.0625 
0  0  0  0  0  0  0  0  0  0  0  0.125  0  0  0  0.145833 
0  0  0  0  0  0  0  0  0  0  0  0  0.0277778  0.0555556  0.111111  0.0972222 
0  0  0  0  0  0  0  0  0  0  0  0  0.111111  0.111111  0.0555556  0.0277778 
0  0  0  0  0  0  0  0  0  0  0  0  0  0  0  0.0416667 
0  0  0  0  0  0  0  0  0  0  0  0  0.0277778  0  0  0 
9 16 0
23 24 37 36 9 10 22 11 35 12 25 38 50 49 51 48
0  0  0  0  0.583333  0.5  0  0  0.291667  0.25  0  0  0.145833  0.125  0  0 
0  0  0  0  0.25  0.5  1  0  0.125  0.25  0.5  0  0.0625  0.125  0.25  0 
0  0  0  0  0  0  0  0  0.125  0.25  0.5  0  0.145833  0.291667  0.583333  0 
0  0  0  0  0  0  0  0  0.291667  0.25  0  0  0.340278  0.291667  0  0 
0.166667  0  0  0  0  0  0  0  0  0  0  0  0  0  0  0 
0.583333  0.5  0  0  0  0  0  0  0  0  0  0  0  0  0  0 
0  0  0  0  0.166667  0  0  0  0.0833333  0  0  0  0.0416667  0  0  0 
0.25  0.5  1  0  0  0  0  0  0  0  0  0  0  0  0  0 
0  0  0  0  0  0  0  0  0.0833333  0  0  0  0.0972222  0  0  0 
0  0  0  1  0  0  0  0  0  0  0  0  0  0  0  0 
0  0  0  0  0  0  0  1  0  0  0  0.5  0  0  0  0.25 
0  0  0  0  0  0  0  0  0  0  0  0.5  0  0  0  0.583333 
0  0  0  0  0  0  0  0  0  0  0  0  0.0416667  0.0833333  0.166667  0 
0  0  0  0  0  0  0  0  0  0  0  0  0.0972222  0.0833333  0  0 
0  0  0  0  0  0  0  0  0  0  0  0  0  0  0  0.166667 
0  0  0  0  0  0  0  0  0  0  0  0  0.0277778  0  0  0 
10 16 0
27 28 41 40 13 14 26 15 39 16 29 42 54 53 55 52
0  0.583333  0.291667  0.145833  0  0.666667  0.333333  0.166667  0  0.333333  0.166667  0.0833333  0  0.166667  0.0833333  0.0416667 
0  0  0.291667  0.340278  0  0  0.333333  0.388889  0  0  0.166667  0.194444  0  0  0.0833333  0.0972222 
0  0  0.0833333  0.0972222  0  0  0.166667  0.194444  0  0  0.333333  0.388889  0  0  0.333333  0.388889 
0  0.166667  0.0833333  0.0416667  0  0.333333  0.166667  0.0833333  0  0.666667  0.333333  0.166667  0  0.666667  0.333333  0.166667 
0.25  0  0  0  0  0  0  0  0  0  0  0  0  0  0  0 
0  0.25  0.125  0.0625  0  0  0  0  0  0  0  0  0  0  0  0 
0.583333  0  0  0  0.666667  0  0  0  0.333333  0  0  0  0.166667  0  0  0 
0  0  0.125  0.145833  0  0  0  0  0  0  0  0  0  0  0  0 
0.166667  0  0  0  0.333333  0  0  0  0.666667  0  0  0  0.666667  0  0  0 
0  0  0  0.0416667  0  0  0  0  0  0  0  0  0  0  0  0 
0  0  0  0.0972222  0  0  0  0.111111  0  0  0  0.0555556  0  0  0  0.0277778 
0  0  0  0.0277778  0  0  0  0.0555556  0  0  0  0.111111  0  0  0  0.111111 
0  0  0  0  0  0  0  0  0  0  0  0  0  0  0.0833333  0.0972222 
0  0  0  0  0  0  0  0  0  0  0  0  0  0.166667  0.0833333  0.0416667 
0  0  0  0  0  0  0  0  0  0  0  0  0  0  0  0.0277778 
0  0  0  0  0  0  0  0  0  0  0  0  0.166667  0  0  0 
11 16 0
28 29 42 41 14 15 27 16 40 17 30 43 55 54 56 53
0.340278  0.388889  0.194444  0.0972222  0.388889  0.444444  0.222222  0.111111  0.194444  0.222222  0.111111  0.0555556  0.0972222  0.111111  0.0555556  0.0277778 
0.0972222  0.194444  0.388889  0.388889  0.111111  0.222222  0.444444  0.444444  0.0555556  0.111111  0.222222  0.222222  0.0277778  0.0555556  0.111111  0.111111 
0.0277778  0.0555556  0.111111  0.111111  0.0555556  0.111111  0.222222  0.222222  0.111111  0.222222  0.444444  0.444444  0.111111  0.222222  0.444444  0.444444 
0.0972222  0.111111  0.0555556  0.0277778  0.194444  0.222222  0.111111  0.0555556  0.388889  0.444444  0.222222  0.111111  0.388889  0.444444  0.222222  0.111111 
0.0625  0  0  0  0  0  0  0  0  0  0  0  0  0  0  0 
0.145833  0.166667  0.0833333  0.0416667  0  0  0  0  0  0  0  0  0  0  0  0 
0.145833  0  0  0  0.166667  0  0  0  0.0833333  0  0  0  0.0416667  0  0  0 
0.0416667  0.0833333  0.166667  0.166667  0  0  0  0  0  0  0  0  0  0  0  0 
0.0416667  0  0  0  0.0833333  0  0  0  0.166667  0  0  0  0.166667  0  0  0 
0  0  0  0.0416667  0  0  0  0  0  0  0  0  0  0  0  0 
0  0  0  0.0972222  0  0  0  0.111111  0  0  0  0.0555556  0  0  0  0.0277778 
0  0  0  0.0277778  0  0  0  0.0555556  0  0  0  0.111111  0  0  0  0.111111 
0  0  0  0  0  0  0  0  0  0  0  0  0.0277778  0.0555556  0.111111  0.111111 
0  0  0  0  0  0  0  0  0  0  0  0  0.0972222  0.111111  0.0555556  0.0277778 
0  0  0  0  0  0  0  0  0  0  0  0  0  0  0  0.0277778 
0  0  0  0  0  0  0  0  0  0  0  0  0.0416667  0  0  0 
12 16 0
29 30 43 42 15 16 28 17 41 18 31 44 56 55 57 54
0.388889  0.388889  0.194444  0.0972222  0.444444  0.444444  0.222222  0.111111  0.222222  0.222222  0.111111  0.0555556  0.111111  0.111111  0.0555556  0.0277778 
0.0972222  0.194444  0.388889  0.388889  0.111111  0.222222  0.444444  0.444444  0.0555556  0.111111  0.222222  0.222222  0.0277778  0.0555556  0.111111  0.111111 
0.0277778  0.0555556  0.111111  0.111111  0.0555556  0.111111  0.222222  0.222222  0.111111  0.222222  0.444444  0.444444  0.111111  0.222222  0.444444  0.444444 
0.111111  0.111111  0.0555556  0.0277778  0.222222  0.222222  0.111111  0.0555556  0.444444  0.444444  0.222222  0.111111  0.444444  0.444444  0.222222  0.111111 
0.0416667  0  0  0  0  0  0  0  0  0  0  0  0  0  0  0 
0.166667  0.166667  0.0833333  0.0416667  0  0  0  0  0  0  0  0  0  0  0  0 
0.0972222  0  0  0  0.111111  0  0  0  0.0555556  0  0  0  0.0277778  0  0  0 
0.0416667  0.0833333  0.166667  0.166667  0  0  0  0  0  0  0  0  0  0  0  0 
0.0277778  0  0  0  0.0555556  0  0  0  0.111111  0  0  0  0.111111  0  0  0 
0  0  0  0.0416667  0  0  0  0  0  0  0  0  0  0  0  0 
0  0  0  0.0972222  0  0  0  0.111111  0  0  0  0.0555556  0  0  0  0.0277778 
0  0  0  0.0277778  0  0  0  0.0555556  0  0  0  0.111111  0  0  0  0.111111 
0  0  0  0  0  0  0  0  0  0  0  0  0.0277778  0.0555556  0.111111  0.111111 
0  0  0  0  0  0  0  0  0  0  0  0  0.111111  0.111111  0.0555556  0.0277778 
0  0  0  0  0  0  0  0  0  0  0  0  0  0  0  0.0277778 
0  0  0  0  0  0  0  0  0  0  0  0  0.0277778  0  0  0 
13 16 0
30 31 44 43 16 17 29 18 42 19 32 45 57 56 58 55
0.388889  0.388889  0.194444  0.0972222  0.444444  0.444444  0.222222  0.111111  0.222222  0.222222  0.111111  0.0555556  0.111111  0.111111  0.0555556  0.0277778 
0.0972222  0.194444  0.388889  0.388889  0.111111  0.222222  0.444444  0.444444  0.0555556  0.111111  0.222222  0.222222  0.0277778  0.0555556  0.111111  0.111111 
0.0277778  0.0555556  0.111111  0.111111  0.0555556  0.111111  0.222222  0.222222  0.111111  0.222222  0.444444  0.444444  0.111111  0.222222  0.444444  0.444444 
0.111111  0.111111  0.0555556  0.0277778  0.222222  0.222222  0.111111  0.0555556  0.444444  0.444444  0.222222  0.111111  0.444444  0.444444  0.222222  0.111111 
0.0416667  0  0  0  0  0  0  0  0  0  0  0  0  0  0  0 
0.166667  0.166667  0.0833333  0.0416667  0  0  0  0  0  0  0  0  0  0  0  0 
0.0972222  0  0  0  0.111111  0  0  0  0.0555556  0  0  0  0.0277778  0  0  0 
0.0416667  0.0833333  0.166667  0.166667  0  0  0  0  0  0  0  0  0  0  0  0 
0.0277778  0  0  0  0.0555556  0  0  0  0.111111  0  0  0  0.111111  0  0  0 
0  0  0  0.0416667  0  0  0  0  0  0  0  0  0  0  0  0 
0  0  0  0.0972222  0  0  0  0.111111  0  0  0  0.0555556  0  0  0  0.0277778 
0  0  0  0.0277778  0  0  0  0.0555556  0  0  0  0.111111  0  0  0  0.111111 
0  0  0  0  0  0  0  0  0  0  0  0  0.0277778  0.0555556  0.111111  0.111111 
0  0  0  0  0  0  0  0  0  0  0  0  0.111111  0.111111  0.0555556  0.0277778 
0  0  0  0  0  0  0  0  0  0  0  0  0  0  0  0.0277778 
0  0  0  0  0  0  0  0  0  0  0  0  0.0277778  0  0  0 
14 16 0
31 32 45 44 17 18 30 19 43 20 33 46 58 57 59 56
0.388889  0.388889  0.194444  0.0972222  0.444444  0.444444  0.222222  0.111111  0.222222  0.222222  0.111111  0.0555556  0.111111  0.111111  0.0555556  0.0277778 
0.0972222  0.194444  0.388889  0.388889  0.111111  0.222222  0.444444  0.444444  0.0555556  0.111111  0.222222  0.222222  0.0277778  0.0555556  0.111111  0.111111 
0.0277778  0.0555556  0.111111  0.111111  0.0555556  0.111111  0.222222  0.222222  0.111111  0.222222  0.444444  0.444444  0.111111  0.222222  0.444444  0.444444 
0.111111  0.111111  0.0555556  0.0277778  0.222222  0.222222  0.111111  0.0555556  0.444444  0.444444  0.222222  0.111111  0.444444  0.444444  0.222222  0.111111 
0.0416667  0  0  0  0  0  0  0  0  0  0  0  0  0  0  0 
0.166667  0.166667  0.0833333  0.0416667  0  0  0  0  0  0  0  0  0  0  0  0 
0.0972222  0  0  0  0.111111  0  0  0  0.0555556  0  0  0  0.0277778  0  0  0 
0.0416667  0.0833333  0.166667  0.166667  0  0  0  0  0  0  0  0  0  0  0  0 
0.0277778  0  0  0  0.0555556  0  0  0  0.111111  0  0  0  0.111111  0  0  0 
0  0  0  0.0416667  0  0  0  0  0  0  0  0  0  0  0  0 
0  0  0  0.0972222  0  0  0  0.111111  0  0  0  0.0555556  0  0  0  0.0277778 
0  0  0  0.0277778  0  0  0  0.0555556  0  0  0  0.111111  0  0  0  0.111111 
0  0  0  0  0  0  0  0  0  0  0  0  0.0277778  0.0555556  0.111111  0.111111 
0  0  0  0  0  0  0  0  0  0  0  0  0.111111  0.111111  0.0555556  0.0277778 
0  0  0  0  0  0  0  0  0  0  0  0  0  0  0  0.0277778 
0  0  0  0  0  0  0  0  0  0  0  0  0.0277778  0  0  0 
15 16 0
32 33 46 45 18 19 31 20 44 21 34 47 59 58 60 57
0.388889  0.388889  0.194444  0.0972222  0.444444  0.444444  0.222222  0.111111  0.222222  0.222222  0.111111  0.0555556  0.111111  0.111111  0.0555556  0.0277778 
0.0972222  0.194444  0.388889  0.388889  0.111111  0.222222  0.444444  0.444444  0.0555556  0.111111  0.222222  0.222222  0.0277778  0.0555556  0.111111  0.111111 
0.0277778  0.0555556  0.111111  0.111111  0.0555556  0.111111  0.222222  0.222222  0.111111  0.222222  0.444444  0.444444  0.111111  0.222222  0.444444  0.444444 
0.111111  0.111111  0.0555556  0.0277778  0.222222  0.222222  0.111111  0.0555556  0.444444  0.444444  0.222222  0.111111  0.444444  0.444444  0.222222  0.111111 
0.0416667  0  0  0  0  0  0  0  0  0  0  0  0  0  0  0 
0.166667  0.166667  0.0833333  0.0416667  0  0  0  0  0  0  0  0  0  0  0  0 
0.0972222  0  0  0  0.111111  0  0  0  0.0555556  0  0  0  0.0277778  0  0  0 
0.0416667  0.0833333  0.166667  0.166667  0  0  0  0  0  0  0  0  0  0  0  0 
0.0277778  0  0  0  0.0555556  0  0  0  0.111111  0  0  0  0.111111  0  0  0 
0  0  0  0.0416667  0  0  0  0  0  0  0  0  0  0  0  0 
0  0  0  0.0972222  0  0  0  0.111111  0  0  0  0.0555556  0  0  0  0.0277778 
0  0  0  0.0277778  0  0  0  0.0555556  0  0  0  0.111111  0  0  0  0.111111 
0  0  0  0  0  0  0  0  0  0  0  0  0.0277778  0.0555556  0.111111  0.111111 
0  0  0  0  0  0  0  0  0  0  0  0  0.111111  0.111111  0.0555556  0.0277778 
0  0  0  0  0  0  0  0  0  0  0  0  0  0  0  0.0277778 
0  0  0  0  0  0  0  0  0  0  0  0  0.0277778  0  0  0 
16 16 0
33 34 47 46 19 20 32 21 45 22 35 48 60 59 61 58
0.388889  0.388889  0.194444  0.0972222  0.444444  0.444444  0.222222  0.111111  0.222222  0.222222  0.111111  0.0555556  0.111111  0.111111  0.0555556  0.0277778 
0.0972222  0.194444  0.388889  0.388889  0.111111  0.222222  0.444444  0.444444  0.0555556  0.111111  0.222222  0.222222  0.0277778  0.0555556  0.111111  0.111111 
0.0277778  0.0555556  0.111111  0.111111  0.0555556  0.111111  0.222222  0.222222  0.111111  0.222222  0.444444  0.444444  0.111111  0.222222  0.444444  0.444444 
0.111111  0.111111  0.0555556  0.0277778  0.222222  0.222222  0.111111  0.0555556  0.444444  0.444444  0.222222  0.111111  0.444444  0.444444  0.222222  0.111111 
0.0416667  0  0  0  0  0  0  0  0  0  0  0  0  0  0  0 
0.166667  0.166667  0.0833333  0.0416667  0  0  0  0  0  0  0  0  0  0  0  0 
0.0972222  0  0  0  0.111111  0  0  0  0.0555556  0  0  0  0.0277778  0  0  0 
0.0416667  0.0833333  0.166667  0.166667  0  0  0  0  0  0  0  0  0  0  0  0 
0.0277778  0  0  0  0.0555556  0  0  0  0.111111  0  0  0  0.111111  0  0  0 
0  0  0  0.0416667  0  0  0  0  0  0  0  0  0  0  0  0 
0  0  0  0.0972222  0  0  0  0.111111  0  0  0  0.0555556  0  0  0  0.0277778 
0  0  0  0.0277778  0  0  0  0.0555556  0  0  0  0.111111  0  0  0  0.111111 
0  0  0  0  0  0  0  0  0  0  0  0  0.0277778  0.0555556  0.111111  0.111111 
0  0  0  0  0  0  0  0  0  0  0  0  0.111111  0.111111  0.0555556  0.0277778 
0  0  0  0  0  0  0  0  0  0  0  0  0  0  0  0.0277778 
0  0  0  0  0  0  0  0  0  0  0  0  0.0277778  0  0  0 
17 16 0
34 35 48 47 20 21 33 22 46 23 36 49 61 60 62 59
0.388889  0.388889  0.194444  0.0972222  0.444444  0.444444  0.222222  0.111111  0.222222  0.222222  0.111111  0.0555556  0.111111  0.111111  0.0555556  0.0277778 
0.0972222  0.194444  0.388889  0.388889  0.111111  0.222222  0.444444  0.444444  0.0555556  0.111111  0.222222  0.222222  0.0277778  0.0555556  0.111111  0.111111 
0.0277778  0.0555556  0.111111  0.111111  0.0555556  0.111111  0.222222  0.222222  0.111111  0.222222  0.444444  0.444444  0.111111  0.222222  0.444444  0.444444 
0.111111  0.111111  0.0555556  0.0277778  0.222222  0.222222  0.111111  0.0555556  0.444444  0.444444  0.222222  0.111111  0.444444  0.444444  0.222222  0.111111 
0.0416667  0  0  0  0  0  0  0  0  0  0  0  0  0  0  0 
0.166667  0.166667  0.0833333  0.0416667  0  0  0  0  0  0  0  0  0  0  0  0 
0.0972222  0  0  0  0.111111  0  0  0  0.0555556  0  0  0  0.0277778  0  0  0 
0.0416667  0.0833333  0.166667  0.166667  0  0  0  0  0  0  0  0  0  0  0  0 
0.0277778  0  0  0  0.0555556  0  0  0  0.111111  0  0  0  0.111111  0  0  0 
0  0  0  0.0416667  0  0  0  0  0  0  0  0  0  0  0  0 
0  0  0  0.0972222  0  0  0  0.111111  0  0  0  0.0555556  0  0  0  0.0277778 
0  0  0  0.0277778  0  0  0  0.0555556  0  0  0  0.111111  0  0  0  0.111111 
0  0  0  0  0  0  0  0  0  0  0  0  0.0277778  0.0555556  0.111111  0.111111 
0  0  0  0  0  0  0  0  0  0  0  0  0.111111  0.111111  0.0555556  0.0277778 
0  0  0  0  0  0  0  0  0  0  0  0  0  0  0  0.0277778 
0  0  0  0  0  0  0  0  0  0  0  0  0.0277778  0  0  0 
18 16 0
35 36 49 48 21 22 34 23 47 24 37 50 62 61 63 60
0.388889  0.388889  0.194444  0.0972222  0.444444  0.444444  0.222222  0.111111  0.222222  0.222222  0.111111  0.0555556  0.111111  0.111111  0.0555556  0.0277778 
0.0972222  0.194444  0.388889  0.340278  0.111111  0.222222  0.444444  0.388889  0.0555556  0.111111  0.222222  0.194444  0.0277778  0.0555556  0.111111  0.0972222 
0.0277778  0.0555556  0.111111  0.0972222  0.0555556  0.111111  0.222222  0.194444  0.111111  0.222222  0.444444  0.388889  0.111111  0.222222  0.444444  0.388889 
0.111111  0.111111  0.0555556  0.0277778  0.222222  0.222222  0.111111  0.0555556  0.444444  0.444444  0.222222  0.111111  0.444444  0.444444  0.222222  0.111111 
0.0416667  0  0  0  0  0  0  0  0  0  0  0  0  0  0  0 
0.166667  0.166667  0.0833333  0.0416667  0  0  0  0  0  0  0  0  0  0  0  0 
0.0972222  0  0  0  0.111111  0  0  0  0.0555556  0  0  0  0.0277778  0  0  0 
0.0416667  0.0833333  0.166667  0.145833  0  0  0  0  0  0  0  0  0  0  0  0 
0.0277778  0  0  0  0.0555556  0  0  0  0.111111  0  0  0  0.111111  0  0  0 
0  0  0  0.0625  0  0  0  0  0  0  0  0  0  0  0  0 
0  0  0  0.145833  0  0  0  0.166667  0  0  0  0.0833333  0  0  0  0.0416667 
0  0  0  0.0416667  0  0  0  0.0833333  0  0  0  0.166667  0  0  0  0.166667 
0  0  0  0  0  0  0  0  0  0  0  0  0.0277778  0.0555556  0.111111  0.0972222 
0  0  0  0  0  0  0  0  0  0  0  0  0.111111  0.111111  0.0555556  0.0277778 
0  0  0  0  0  0  0  0  0  0  0  0  0  0  0  0.0416667 
0  0  0  0  0  0  0  0  0  0  0  0  0.0277778  0  0  0 
19 16 0
36 37 50 49 22 23 35 24 48 25 38 51 63 62 64 61
0.340278  0.291667  0  0  0.388889  0.333333  0  0  0.194444  0.166667  0  0  0.0972222  0.0833333  0  0 
0.145833  0.291667  0.583333  0  0.166667  0.333333  0.666667  0  0.0833333  0.166667  0.333333  0  0.0416667  0.0833333  0.166667  0 
0.0416667  0.0833333  0.166667  0  0.0833333  0.166667  0.333333  0  0.166667  0.333333  0.666667  0  0.166667  0.333333  0.666667  0 
0.0972222  0.0833333  0  0  0.194444  0.166667  0  0  0.388889  0.333333  0  0  0.388889  0.333333  0  0 
0.0416667  0  0  0  0  0  0  0  0  0  0  0  0  0  0  0 
0.145833  0.125  0  0  0  0  0  0  0  0  0  0  0  0  0  0 
0.0972222  0  0  0  0.111111  0  0  0  0.0555556  0  0  0  0.0277778  0  0  0 
0.0625  0.125  0.25  0  0  0  0  0  0  0  0  0  0  0  0  0 
0.0277778  0  0  0  0.0555556  0  0  0  0.111111  0  0  0  0.111111  0  0  0 
0  0  0  0.25  0  0  0  0  0  0  0  0  0  0  0  0 
0  0  0  0.583333  0  0  0  0.666667  0  0  0  0.333333  0  0  0  0.166667 
0  0  0  0.166667  0  0  0  0.333333  0  0  0  0.666667  0  0  0  0.666667 
0  0  0  0  0  0  0  0  0  0  0  0  0.0416667  0.0833333  0.166667  0 
0  0  0  0  0  0  0  0  0  0  0  0  0.0972222  0.0833333  0  0 
0  0  0  0  0  0  0  0  0  0  0  0  0  0  0  0.166667 
0  0  0  0  0  0  0  0  0  0  0  0  0.0277778  0  0  0 
20 16 0
40 41 54 53 26 27 39 28 52 29 42 55 67 66 68 65
0  0.666667  0.333333  0.166667  0  0.666667  0.333333  0.166667  0  0.333333  0.166667  0.0833333  0  0.166667  0.0833333  0.0416667 
0  0  0.333333  0.388889  0  0  0.333333  0.388889  0  0  0.166667  0.194444  0  0  0.0833333  0.0972222 
0  0  0.0833333  0.0972222  0  0  0.166667  0.194444  0  0  0.333333  0.388889  0  0  0.291667  0.340278 
0  0.166667  0.0833333  0.0416667  0  0.333333  0.166667  0.0833333  0  0.666667  0.333333  0.166667  0  0.583333  0.291667  0.145833 
0.166667  0  0  0  0  0  0  0  0  0  0  0  0  0  0  0 
0  0.166667  0.0833333  0.0416667  0  0  0  0  0  0  0  0  0  0  0  0 
0.666667  0  0  0  0.666667  0  0  0  0.333333  0  0  0  0.166667  0  0  0 
0  0  0.0833333  0.0972222  0  0  0  0  0  0  0  0  0  0  0  0 
0.166667  0  0  0  0.333333  0  0  0  0.666667  0  0  0  0.583333  0  0  0 
0  0  0  0.0277778  0  0  0  0  0  0  0  0  0  0  0  0 
0  0  0  0.111111  0  0  0  0.111111  0  0  0  0.0555556  0  0  0  0.0277778 
0  0  0  0.0277778  0  0  0  0.0555556  0  0  0  0.111111  0  0  0  0.0972222 
0  0  0  0  0  0  0  0  0  0  0  0  0  0  0.125  0.145833 
0  0  0  0  0  0  0  0  0  0  0  0  0  0.25  0.125  0.0625 
0  0  0  0  0  0  0  0  0  0  0  0  0  0  0  0.0416667 
0  0  0  0  0  0  0  0  0  0  0  0  0.25  0  0  0 
21 16 0
41 42 55 54 27 28 40 29 53 30 43 56 68 67 69 66
0.388889  0.444444  0.222222  0.111111  0.388889  0.444444  0.222222  0.111111  0.194444  0.222222  0.111111  0.0555556  0.0972222  0.111111  0.0555556  0.0277778 
0.111111  0.222222  0.444444  0.444444  0.111111  0.222222  0.444444  0.444444  0.0555556  0.111111  0.222222  0.222222  0.0277778  0.0555556  0.111111  0.111111 
0.0277778  0.0555556  0.111111  0.111111  0.0555556  0.111111  0.222222  0.222222  0.111111  0.222222  0.444444  0.444444  0.0972222  0.194444  0.388889  0.388889 
0.0972222  0.111111  0.0555556  0.0277778  0.194444  0.222222  0.111111  0.0555556  0.388889  0.444444  0.222222  0.111111  0.340278  0.388889  0.194444  0.0972222 
0.0416667  0  0  0  0  0  0  0  0  0  0  0  0  0  0  0 
0.0972222  0.111111  0.0555556  0.0277778  0  0  0  0  0  0  0  0  0  0  0  0 
0.166667  0  0  0  0.166667  0  0  0  0.0833333  0  0  0  0.0416667  0  0  0 
0.0277778  0.0555556  0.111111  0.111111  0  0  0  0  0  0  0  0  0  0  0  0 
0.0416667  0  0  0  0.0833333  0  0  0  0.166667  0  0  0  0.145833  0  0  0 
0  0  0  0.0277778  0  0  0  0  0  0  0  0  0  0  0  0 
0  0  0  0.111111  0  0  0  0.111111  0  0  0  0.0555556  0  0  0  0.0277778 
0  0  0  0.0277778  0  0  0  0.0555556  0  0  0  0.111111  0  0  0  0.0972222 
0  0  0  0  0  0  0  0  0  0  0  0  0.0416667  0.0833333  0.166667  0.166667 
0  0  0  0  0  0  0  0  0  0  0  0  0.145833  0.166667  0.0833333  0.0416667 
0  0  0  0  0  0  0  0  0  0  0  0  0  0  0  0.0416667 
0  0  0  0  0  0  0  0  0  0  0  0  0.0625  0  0  0 
22 16 0
42 43 56 55 28 29 41 30 54 31 44 57 69 68 70 67
0.444444  0.444444  0.222222  0.111111  0.444444  0.444444  0.222222  0.111111  0.222222  0.222222  0.111111  0.0555556  0.111111  0.111111  0.0555556  0.0277778 
0.111111  0.222222  0.444444  0.444444  0.111111  0.222222  0.444444  0.444444  0.0555556  0.111111  0.222222  0.222222  0.0277778  0.0555556  0.111111  0.111111 
0.0277778  0.0555556  0.111111  0.111111  0.0555556  0.111111  0.222222  0.222222  0.111111  0.222222  0.444444  0.444444  0.0972222  0.194444  0.388889  0.388889 
0.111111  0.111111  0.0555556  0.0277778  0.222222  0.222222  0.111111  0.0555556  0.444444  0.444444  0.222222  0.111111  0.388889  0.388889  0.194444  0.0972222 
0.0277778  0  0  0  0  0  0  0  0  0  0  0  0  0  0  0 
0.111111  0.111111  0.0555556  0.0277778  0  0  0  0  0  0  0  0  0  0  0  0 
0.111111  0  0  0  0.111111  0  0  0  0.0555556  0  0  0  0.0277778  0  0  0 
0.0277778  0.0555556  0.111111  0.111111  0  0  0  0  0  0  0  0  0  0  0  0 
0.0277778  0  0  0  0.0555556  0  0  0  0.111111  0  0  0  0.0972222  0  0  0 
0  0  0  0.0277778  0  0  0  0  0  0  0  0  0  0  0  0 
0  0  0  0.111111  0  0  0  0.111111  0  0  0  0.0555556  0  0  0  0.0277778 
0  0  0  0.0277778  0  0  0  0.0555556  0  0  0  0.111111  0  0  0  0.0972222 
0  0  0  0  0  0  0  0  0  0  0  0  0.0416667  0.0833333  0.166667  0.166667 
0  0  0  0  0  0  0  0  0  0  0  0  0.166667  0.166667  0.0833333  0.0416667 
0  0  0  0  0  0  0  0  0  0  0  0  0  0  0  0.0416667 
0  0  0  0  0  0  0  0  0  0  0  0  0.0416667  0  0  0 
23 16 0
43 44 57 56 29 30 42 31 55 32 45 58 70 69 71 68
0.444444  0.444444  0.222222  0.111111  0.444444  0.444444  0.222222  0.111111  0.222222  0.222222  0.111111  0.0555556  0.111111  0.111111  0.0555556  0.0277778 
0.111111  0.222222  0.444444  0.444444  0.111111  0.222222  0.444444  0.444444  0.0555556  0.111111  0.222222  0.222222  0.0277778  0.0555556  0.111111  0.111111 
0.0277778  0.0555556  0.111111  0.111111  0.0555556  0.111111  0.222222  0.222222  0.111111  0.222222  0.444444  0.444444  0.0972222  0.194444  0.388889  0.388889 
0.111111  0.111111  0.0555556  0.0277778  0.222222  0.222222  0.111111  0.0555556  0.444444  0.444444  0.222222  0.111111  0.388889  0.388889  0.194444  0.0972222 
0.0277778  0  0  0  0  0  0  0  0  0  0  0  0  0  0  0 
0.111111  0.111111  0.0555556  0.0277778  0  0  0  0  0  0  0  0  0  0  0  0 
0.111111  0  0  0  0.111111  0  0  0  0.0555556  0  0  0  0.0277778  0  0  0 
0.0277778  0.0555556  0.111111  0.111111  0  0  0  0  0  0  0  0  0  0  0  0 
0.0277778  0  0  0  0.0555556  0  0  0  0.111111  0  0  0  0.0972222  0  0  0 
0  0  0  0.0277778  0  0  0  0  0  0  0  0  0  0  0  0 
0  0  0  0.111111  0  0  0  0.111111  0  0  0  0.0555556  0  0  0  0.0277778 
0  0  0  0.0277778  0  0  0  0.0555556  0  0  0  0.111111  0  0  0  0.0972222 
0  0  0  0  0  0  0  0  0  0  0  0  0.0416667  0.0833333  0.166667  0.166667 
0  0  0  0  0  0  0  0  0  0  0  0  0.166667  0.166667  0.0833333  0.0416667 
0  0  0  0  0  0  0  0  0  0  0  0  0  0  0  0.0416667 
0  0  0  0  0  0  0  0  0  0  0  0  0.0416667  0  0  0 
24 16 0
44 45 58 57 30 31 43 32 56 33 46 59 71 70 72 69
0.444444  0.444444  0.222222  0.111111  0.444444  0.444444  0.222222  0.111111  0.222222  0.222222  0.111111  0.0555556  0.111111  0.111111  0.0555556  0.0277778 
0.111111  0.222222  0.444444  0.444444  0.111111  0.222222  0.444444  0.444444  0.0555556  0.111111  0.222222  0.222222  0.0277778  0.0555556  0.111111  0.111111 
0.0277778  0.0555556  0.111111  0.111111  0.0555556  0.111111  0.222222  0.222222  0.111111  0.222222  0.444444  0.444444  0.0972222  0.194444  0.388889  0.388889 
0.111111  0.111111  0.0555556  0.0277778  0.222222  0.222222  0.111111  0.0555556  0.444444  0.444444  0.222222  0.111111  0.388889  0.388889  0.194444  0.0972222 
0.0277778  0  0  0  0  0  0  0  0  0  0  0  0  0  0  0 
0.111111  0.111111  0.0555556  0.0277778  0  0  0  0  0  0  0  0  0  0  0  0 
0.111111  0  0  0  0.111111  0  0  0  0.0555556  0  0  0  0.0277778  0  0  0 
0.0277778  0.0555556  0.111111  0.111111  0  0  0  0  0  0  0  0  0  0  0  0 
0.0277778  0  0  0  0.0555556  0  0  0  0.111111  0  0  0  0.0972222  0  0  0 
0  0  0  0.0277778  0  0  0  0  0  0  0  0  0  0  0  0 
0  0  0  0.111111  0  0  0  0.111111  0  0  0  0.0555556  0  0  0  0.0277778 
0  0  0  0.0277778  0  0  0  0.0555556  0  0  0  0.111111  0  0  0  0.0972222 
0  0  0  0  0  0  0  0  0  0  0  0  0.0416667  0.0833333  0.166667  0.166667 
0  0  0  0  0  0  0  0  0  0  0  0  0.166667  0.166667  0.0833333  0.0416667 
0  0  0  0  0  0  0  0  0  0  0  0  0  0  0  0.0416667 
0  0  0  0  0  0  0  0  0  0  0  0  0.0416667  0  0  0 
25 16 0
45 46 59 58 31 32 44 33 57 34 47 60 72 71 73 70
0.444444  0.444444  0.222222  0.111111  0.444444  0.444444  0.222222  0.111111  0.222222  0.222222  0.111111  0.0555556  0.111111  0.111111  0.0555556  0.0277778 
0.111111  0.222222  0.444444  0.444444  0.111111  0.222222  0.444444  0.444444  0.0555556  0.111111  0.222222  0.222222  0.0277778  0.0555556  0.111111  0.111111 
0.0277778  0.0555556  0.111111  0.111111  0.0555556  0.111111  0.222222  0.222222  0.111111  0.222222  0.444444  0.444444  0.0972222  0.194444  0.388889  0.388889 
0.111111  0.111111  0.0555556  0.0277778  0.222222  0.222222  0.111111  0.0555556  0.444444  0.444444  0.222222  0.111111  0.388889  0.388889  0.194444  0.0972222 
0.0277778  0  0  0  0  0  0  0  0  0  0  0  0  0  0  0 
0.111111  0.111111  0.0555556  0.0277778  0  0  0  0  0  0  0  0  0  0  0  0 
0.111111  0  0  0  0.111111  0  0  0  0.0555556  0  0  0  0.0277778  0  0  0 
0.0277778  0.0555556  0.111111  0.111111  0  0  0  0  0  0  0  0  0  0  0  0 
0.0277778  0  0  0  0.0555556  0  0  0  0.111111  0  0  0  0.0972222  0  0  0 
0  0  0  0.0277778  0  0  0  0  0  0  0  0  0  0  0  0 
0  0  0  0.111111  0  0  0  0.111111  0  0  0  0.0555556  0  0  0  0.0277778 
0  0  0  0.0277778  0  0  0  0.0555556  0  0  0  0.111111  0  0  0  0.0972222 
0  0  0  0  0  0  0  0  0  0  0  0  0.0416667  0.0833333  0.166667  0.166667 
0  0  0  0  0  0  0  0  0  0  0  0  0.166667  0.166667  0.0833333  0.0416667 
0  0  0  0  0  0  0  0  0  0  0  0  0  0  0  0.0416667 
0  0  0  0  0  0  0  0  0  0  0  0  0.0416667  0  0  0 
26 16 0
46 47 60 59 32 33 45 34 58 35 48 61 73 72 74 71
0.444444  0.444444  0.222222  0.111111  0.444444  0.444444  0.222222  0.111111  0.222222  0.222222  0.111111  0.0555556  0.111111  0.111111  0.0555556  0.0277778 
0.111111  0.222222  0.444444  0.444444  0.111111  0.222222  0.444444  0.444444  0.0555556  0.111111  0.222222  0.222222  0.0277778  0.0555556  0.111111  0.111111 
0.0277778  0.0555556  0.111111  0.111111  0.0555556  0.111111  0.222222  0.222222  0.111111  0.222222  0.444444  0.444444  0.0972222  0.194444  0.388889  0.388889 
0.111111  0.111111  0.0555556  0.0277778  0.222222  0.222222  0.111111  0.0555556  0.444444  0.444444  0.222222  0.111111  0.388889  0.388889  0.194444  0.0972222 
0.0277778  0  0  0  0  0  0  0  0  0  0  0  0  0  0  0 
0.111111  0.111111  0.0555556  0.0277778  0  0  0  0  0  0  0  0  0  0  0  0 
0.111111  0  0  0  0.111111  0  0  0  0.0555556  0  0  0  0.0277778  0  0  0 
0.0277778  0.0555556  0.111111  0.111111  0  0  0  0  0  0  0  0  0  0  0  0 
0.0277778  0  0  0  0.0555556  0  0  0  0.111111  0  0  0  0.0972222  0  0  0 
0  0  0  0.0277778  0  0  0  0  0  0  0  0  0  0  0  0 
0  0  0  0.111111  0  0  0  0.111111  0  0  0  0.0555556  0  0  0  0.0277778 
0  0  0  0.0277778  0  0  0  0.0555556  0  0  0  0.111111  0  0  0  0.0972222 
0  0  0  0  0  0  0  0  0  0  0  0  0.0416667  0.0833333  0.166667  0.166667 
0  0  0  0  0  0  0  0  0  0  0  0  0.166667  0.166667  0.0833333  0.0416667 
0  0  0  0  0  0  0  0  0  0  0  0  0  0  0  0.0416667 
0  0  0  0  0  0  0  0  0  0  0  0  0.0416667  0  0  0 
27 16 0
47 48 61 60 33 34 46 35 59 36 49 62 74 73 75 72
0.444444  0.444444  0.222222  0.111111  0.444444  0.444444  0.222222  0.111111  0.222222  0.222222  0.111111  0.0555556  0.111111  0.111111  0.0555556  0.0277778 
0.111111  0.222222  0.444444  0.444444  0.111111  0.222222  0.444444  0.444444  0.0555556  0.111111  0.222222  0.222222  0.0277778  0.0555556  0.111111  0.111111 
0.0277778  0.0555556  0.111111  0.111111  0.0555556  0.111111  0.222222  0.222222  0.111111  0.222222  0.444444  0.444444  0.0972222  0.194444  0.388889  0.388889 
0.111111  0.111111  0.0555556  0.0277778  0.222222  0.222222  0.111111  0.0555556  0.444444  0.444444  0.222222  0.111111  0.388889  0.388889  0.194444  0.0972222 
0.0277778  0  0  0  0  0  0  0  0  0  0  0  0  0  0  0 
0.111111  0.111111  0.0555556  0.0277778  0  0  0  0  0  0  0  0  0  0  0  0 
0.111111  0  0  0  0.111111  0  0  0  0.0555556  0  0  0  0.0277778  0  0  0 
0.0277778  0.0555556  0.111111  0.111111  0  0  0  0  0  0  0  0  0  0  0  0 
0.0277778  0  0  0  0.0555556  0  0  0  0.111111  0  0  0  0.0972222  0  0  0 
0  0  0  0.0277778  0  0  0  0  0  0  0  0  0  0  0  0 
0  0  0  0.111111  0  0  0  0.111111  0  0  0  0.0555556  0  0  0  0.0277778 
0  0  0  0.0277778  0  0  0  0.0555556  0  0  0  0.111111  0  0  0  0.0972222 
0  0  0  0  0  0  0  0  0  0  0  0  0.0416667  0.0833333  0.166667  0.166667 
0  0  0  0  0  0  0  0  0  0  0  0  0.166667  0.166667  0.0833333  0.0416667 
0  0  0  0  0  0  0  0  0  0  0  0  0  0  0  0.0416667 
0  0  0  0  0  0  0  0  0  0  0  0  0.0416667  0  0  0 
28 16 0
48 49 62 61 34 35 47 36 60 37 50 63 75 74 76 73
0.444444  0.444444  0.222222  0.111111  0.444444  0.444444  0.222222  0.111111  0.222222  0.222222  0.111111  0.0555556  0.111111  0.111111  0.0555556  0.0277778 
0.111111  0.222222  0.444444  0.388889  0.111111  0.222222  0.444444  0.388889  0.0555556  0.111111  0.222222  0.194444  0.0277778  0.0555556  0.111111  0.0972222 
0.0277778  0.0555556  0.111111  0.0972222  0.0555556  0.111111  0.222222  0.194444  0.111111  0.222222  0.444444  0.388889  0.0972222  0.194444  0.388889  0.340278 
0.111111  0.111111  0.0555556  0.0277778  0.222222  0.222222  0.111111  0.0555556  0.444444  0.444444  0.222222  0.111111  0.388889  0.388889  0.194444  0.0972222 
0.0277778  0  0  0  0  0  0  0  0  0  0  0  0  0  0  0 
0.111111  0.111111  0.0555556  0.0277778  0  0  0  0  0  0  0  0  0  0  0  0 
0.111111  0  0  0  0.111111  0  0  0  0.0555556  0  0  0  0.0277778  0  0  0 
0.0277778  0.0555556  0.111111  0.0972222  0  0  0  0  0  0  0  0  0  0  0  0 
0.0277778  0  0  0  0.0555556  0  0  0  0.111111  0  0  0  0.0972222  0  0  0 
0  0  0  0.0416667  0  0  0  0  0  0  0  0  0  0  0  0 
0  0  0  0.166667  0  0  0  0.166667  0  0  0  0.0833333  0  0  0  0.0416667 
0  0  0  0.0416667  0  0  0  0.0833333  0  0  0  0.166667  0  0  0  0.145833 
0  0  0  0  0  0  0  0  0  0  0  0  0.0416667  0.0833333  0.166667  0.145833 
0  0  0  0  0  0  0  0  0  0  0  0  0.166667  0.166667  0.0833333  0.0416667 
0  0  0  0  0  0  0  0  0  0  0  0  0  0  0  0.0625 
0  0  0  0  0  0  0  0  0  0  0  0  0.0416667  0  0  0 
29 16 0
49 50 63 62 35 36 48 37 61 38 51 64 76 75 77 74
0.388889  0.333333  0  0  0.388889  0.333333  0  0  0.194444  0.166667  0  0  0.0972222  0.0833333  0  0 
0.166667  0.333333  0.666667  0  0.166667  0.333333  0.666667  0  0.0833333  0.166667  0.333333  0  0.0416667  0.0833333  0.166667  0 
0.0416667  0.0833333  0.166667  0  0.0833333  0.166667  0.333333  0  0.166667  0.333333  0.666667  0  0.145833  0.291667  0.583333  0 
0.0972222  0.0833333  0  0  0.194444  0.166667  0  0  0.388889  0.333333  0  0  0.340278  0.291667  0  0 
0.0277778  0  0  0  0  0  0  0  0  0  0  0  0  0  0  0 
0.0972222  0.0833333  0  0  0  0  0  0  0  0  0  0  0  0  0  0 
0.111111  0  0  0  0.111111  0  0  0  0.0555556  0  0  0  0.0277778  0  0  0 
0.0416667  0.0833333  0.166667  0  0  0  0  0  0  0  0  0  0  0  0  0 
0.0277778  0  0  0  0.0555556  0  0  0  0.111111  0  0  0  0.0972222  0  0  0 
0  0  0  0.166667  0  0  0  0  0  0  0  0  0  0  0  0 
0  0  0  0.666667  0  0  0  0.666667  0  0  0  0.333333  0  0  0  0.166667 
0  0  0  0.166667  0  0  0  0.333333  0  0  0  0.666667  0  0  0  0.583333 
0  0  0  0  0  0  0  0  0  0  0  0  0.0625  0.125  0.25  0 
0  0  0  0  0  0  0  0  0  0  0  0  0.145833  0.125  0  0 
0  0  0  0  0  0  0  0  0  0  0  0  0  0  0  0.25 
0  0  0  0  0  0  0  0  0  0  0  0  0.0416667  0  0  0 
30 16 0
53 54 67 66 39 40 52 41 65 42 55 68 80 79 81 78
0  0.583333  0.291667  0.145833  0  0.5  0.25  0.125  0  0  0  0  0  0  0  0 
0  0  0.291667  0.340278  0  0  0.25  0.291667  0  0  0  0  0  0  0  0 
0  0  0.125  0.145833  0  0  0.25  0.291667  0  0  0.5  0.583333  0  0  0  0 
0  0.25  0.125  0.0625  0  0.5  0.25  0.125  0  1  0.5  0.25  0  0  0  0 
0.166667  0  0  0  0  0  0  0  0  0  0  0  0  0  0  0 
0  0.166667  0.0833333  0.0416667  0  0  0  0  0  0  0  0  0  0  0  0 
0.583333  0  0  0  0.5  0  0  0  0  0  0  0  0  0  0  0 
0  0  0.0833333  0.0972222  0  0  0  0  0  0  0  0  0  0  0  0 
0.25  0  0  0  0.5  0  0  0  1  0  0  0  0  0  0  0 
0  0  0  0.0277778  0  0  0  0  0  0  0  0  0  0  0  0 
0  0  0  0.0972222  0  0  0  0.0833333  0  0  0  0  0  0  0  0 
0  0  0  0.0416667  0  0  0  0.0833333  0  0  0  0.166667  0  0  0  0 
0  0  0  0  0  0  0  0  0  0  0  0  0  0  0.5  0.583333 
0  0  0  0  0  0  0  0  0  0  0  0  0  1  0.5  0.25 
0  0  0  0  0  0  0  0  0  0  0  0  0  0  0  0.166667 
0  0  0  0  0  0  0  0  0  0  0  0  1  0  0  0 
31 16 0
54 55 68 67 40 41 53 42 66 43 56 69 81 80 82 79
0.340278  0.388889  0.194444  0.0972222  0.291667  0.333333  0.166667  0.0833333  0  0  0  0  0  0  0  0 
0.0972222  0.194444  0.388889  0.388889  0.0833333  0.166667  0.333333  0.333333  0  0  0  0  0  0  0  0 
0.0416667  0.0833333  0.166667  0.166667  0.0833333  0.166667  0.333333  0.333333  0.166667  0.333333  0.666667  0.666667  0  0  0  0 
0.145833  0.166667  0.0833333  0.0416667  0.291667  0.333333  0.166667  0.0833333  0.583333  0.666667  0.333333  0.166667  0  0  0  0 
0.0416667  0  0  0  0  0  0  0  0  0  0  0  0  0  0  0 
0.0972222  0.111111  0.0555556  0.0277778  0  0  0  0  0  0  0  0  0  0  0  0 
0.145833  0  0  0  0.125  0  0  0  0  0  0  0  0  0  0  0 
0.0277778  0.0555556  0.111111  0.111111  0  0  0  0  0  0  0  0  0  0  0  0 
0.0625  0  0  0  0.125  0  0  0  0.25  0  0  0  0  0  0  0 
0  0  0  0.0277778  0  0  0  0  0  0  0  0  0  0  0  0 
0  0  0  0.0972222  0  0  0  0.0833333  0  0  0  0  0  0  0  0 
0  0  0  0.0416667  0  0  0  0.0833333  0  0  0  0.166667  0  0  0  0 
0  0  0  0  0  0  0  0  0  0  0  0  0.166667  0.333333  0.666667  0.666667 
0  0  0  0  0  0  0  0  0  0  0  0  0.583333  0.666667  0.333333  0.166667 
0  0  0  0  0  0  0  0  0  0  0  0  0  0  0  0.166667 
0  0  0  0  0  0  0  0  0  0  0  0  0.25  0  0  0 
32 16 0
55 56 69 68 41 42 54 43 67 44 57 70 82 81 83 80
0.388889  0.388889  0.194444  0.0972222  0.333333  0.333333  0.166667  0.0833333  0  0  0  0  0  0  0  0 
0.0972222  0.194444  0.388889  0.388889  0.0833333  0.166667  0.333333  0.333333  0  0  0  0  0  0  0  0 
0.0416667  0.0833333  0.166667  0.166667  0.0833333  0.166667  0.333333  0.333333  0.166667  0.333333  0.666667  0.666667  0  0  0  0 
0.166667  0.166667  0.0833333  0.0416667  0.333333  0.333333  0.166667  0.0833333  0.666667  0.666667  0.333333  0.166667  0  0  0  0 
0.0277778  0  0  0  0  0  0  0  0  0  0  0  0  0  0  0 
0.111111  0.111111  0.0555556  0.0277778  0  0  0  0  0  0  0  0  0  0  0  0 
0.0972222  0  0  0  0.0833333  0  0  0  0  0  0  0  0  0  0  0 
0.0277778  0.0555556  0.111111  0.111111  0  0  0  0  0  0  0  0  0  0  0  0 
0.0416667  0  0  0  0.0833333  0  0  0  0.166667  0  0  0  0  0  0  0 
0  0  0  0.0277778  0  0  0  0  0  0  0  0  0  0  0  0 
0  0  0  0.0972222  0  0  0  0.0833333  0  0  0  0  0  0  0  0 
0  0  0  0.0416667  0  0  0  0.0833333  0  0  0  0.166667  0  0  0  0 
0  0  0  0  0  0  0  0  0  0  0  0  0.166667  0.333333  0.666667  0.666667 
0  0  0  0  0  0  0  0  0  0  0  0  0.666667  0.666667  0.333333  0.166667 
0  0  0  0  0  0  0  0  0  0  0  0  0  0  0  0.166667 
0  0  0  0  0  0  0  0  0  0  0  0  0.166667  0  0  0 
33 16 0
56 57 70 69 42 43 55 44 68 45 58 71 83 82 84 81
0.388889  0.388889  0.194444  0.0972222  0.333333  0.333333  0.166667  0.0833333  0  0  0  0  0  0  0  0 
0.0972222  0.194444  0.388889  0.388889  0.0833333  0.166667  0.333333  0.333333  0  0  0  0  0  0  0  0 
0.0416667  0.0833333  0.166667  0.166667  0.0833333  0.166667  0.333333  0.333333  0.166667  0.333333  0.666667  0.666667  0  0  0  0 
0.166667  0.166667  0.0833333  0.0416667  0.333333  0.333333  0.166667  0.0833333  0.666667  0.666667  0.333333  0.166667  0  0  0  0 
0.0277778  0  0  0  0  0  0  0  0  0  0  0  0  0  0  0 
0.111111  0.111111  0.0555556  0.0277778  0  0  0  0  0  0  0  0  0  0  0  0 
0.0972222  0  0  0  0.0833333  0  0  0  0  0  0  0  0  0  0  0 
0.0277778  0.0555556  0.111111  0.111111  0  0  0  0  0  0  0  0  0  0  0  0 
0.0416667  0  0  0  0.0833333  0  0  0  0.166667  0  0  0  0  0  0  0 
0  0  0  0.0277778  0  0  0  0  0  0  0  0  0  0  0  0 
0  0  0  0.0972222  0  0  0  0.0833333  0  0  0  0  0  0  0  0 
0  0  0  0.0416667  0  0  0  0.0833333  0  0  0  0.166667  0  0  0  0 
0  0  0  0  0  0  0  0  0  0  0  0  0.166667  0.333333  0.666667  0.666667 
0  0  0  0  0  0  0  0  0  0  0  0  0.666667  0.666667  0.333333  0.166667 
0  0  0  0  0  0  0  0  0  0  0  0  0  0  0  0.166667 
0  0  0  0  0  0  0  0  0  0  0  0  0.166667  0  0  0 
34 16 0
57 58 71 70 43 44 56 45 69 46 59 72 84 83 85 82
0.388889  0.388889  0.194444  0.0972222  0.333333  0.333333  0.166667  0.0833333  0  0  0  0  0  0  0  0 
0.0972222  0.194444  0.388889  0.388889  0.0833333  0.166667  0.333333  0.333333  0  0  0  0  0  0  0  0 
0.0416667  0.0833333  0.166667  0.166667  0.0833333  0.166667  0.333333  0.333333  0.166667  0.333333  0.666667  0.666667  0  0  0  0 
0.166667  0.166667  0.0833333  0.0416667  0.333333  0.333333  0.166667  0.0833333  0.666667  0.666667  0.333333  0.166667  0  0  0  0 
0.0277778  0  0  0  0  0  0  0  0  0  0  0  0  0  0  0 
0.111111  0.111111  0.0555556  0.0277778  0  0  0  0  0  0  0  0  0  0  0  0 
0.0972222  0  0  0  0.0833333  0  0  0  0  0  0  0  0  0  0  0 
0.0277778  0.0555556  0.111111  0.111111  0  0  0  0  0  0  0  0  0  0  0  0 
0.0416667  0  0  0  0.0833333  0  0  0  0.166667  0  0  0  0  0  0  0 
0  0  0  0.0277778  0  0  0  0  0  0  0  0  0  0  0  0 
0  0  0  0.0972222  0  0  0  0.0833333  0  0  0  0  0  0  0  0 
0  0  0  0.0416667  0  0  0  0.0833333  0  0  0  0.166667  0  0  0  0 
0  0  0  0  0  0  0  0  0  0  0  0  0.166667  0.333333  0.666667  0.666667 
0  0  0  0  0  0  0  0  0  0  0  0  0.666667  0.666667  0.333333  0.166667 
0  0  0  0  0  0  0  0  0  0  0  0  0  0  0  0.166667 
0  0  0  0  0  0  0  0  0  0  0  0  0.166667  0  0  0 
35 16 0
58 59 72 71 44 45 57 46 70 47 60 73 85 84 86 83
0.388889  0.388889  0.194444  0.0972222  0.333333  0.333333  0.166667  0.0833333  0  0  0  0  0  0  0  0 
0.0972222  0.194444  0.388889  0.388889  0.0833333  0.166667  0.333333  0.333333  0  0  0  0  0  0  0  0 
0.0416667  0.0833333  0.166667  0.166667  0.0833333  0.166667  0.333333  0.333333  0.166667  0.333333  0.666667  0.666667  0  0  0  0 
0.166667  0.166667  0.0833333  0.0416667  0.333333  0.333333  0.166667  0.0833333  0.666667  0.666667  0.333333  0.166667  0  0  0  0 
0.0277778  0  0  0  0  0  0  0  0  0  0  0  0  0  0  0 
0.111111  0.111111  0.0555556  0.0277778  0  0  0  0  0  0  0  0  0  0  0  0 
0.0972222  0  0  0  0.0833333  0  0  0  0  0  0  0  0  0  0  0 
0.0277778  0.0555556  0.111111  0.111111  0  0  0  0  0  0  0  0  0  0  0  0 
0.0416667  0  0  0  0.0833333  0  0  0  0.166667  0  0  0  0  0  0  0 
0  0  0  0.0277778  0  0  0  0  0  0  0  0  0  0  0  0 
0  0  0  0.0972222  0  0  0  0.0833333  0  0  0  0  0  0  0  0 
0  0  0  0.0416667  0  0  0  0.0833333  0  0  0  0.166667  0  0  0  0 
0  0  0  0  0  0  0  0  0  0  0  0  0.166667  0.333333  0.666667  0.666667 
0  0  0  0  0  0  0  0  0  0  0  0  0.666667  0.666667  0.333333  0.166667 
0  0  0  0  0  0  0  0  0  0  0  0  0  0  0  0.166667 
0  0  0  0  0  0  0  0  0  0  0  0  0.166667  0  0  0 
36 16 0
59 60 73 72 45 46 58 47 71 48 61 74 86 85 87 84
0.388889  0.388889  0.194444  0.0972222  0.333333  0.333333  0.166667  0.0833333  0  0  0  0  0  0  0  0 
0.0972222  0.194444  0.388889  0.388889  0.0833333  0.166667  0.333333  0.333333  0  0  0  0  0  0  0  0 
0.0416667  0.0833333  0.166667  0.166667  0.0833333  0.166667  0.333333  0.333333  0.166667  0.333333  0.666667  0.666667  0  0  0  0 
0.166667  0.166667  0.0833333  0.0416667  0.333333  0.333333  0.166667  0.0833333  0.666667  0.666667  0.333333  0.166667  0  0  0  0 
0.0277778  0  0  0  0  0  0  0  0  0  0  0  0  0  0  0 
0.111111  0.111111  0.0555556  0.0277778  0  0  0  0  0  0  0  0  0  0  0  0 
0.0972222  0  0  0  0.0833333  0  0  0  0  0  0  0  0  0  0  0 
0.0277778  0.0555556  0.111111  0.111111  0  0  0  0  0  0  0  0  0  0  0  0 
0.0416667  0  0  0  0.0833333  0  0  0  0.166667  0  0  0  0  0  0  0 
0  0  0  0.0277778  0  0  0  0  0  0  0  0  0  0  0  0 
0  0  0  0.0972222  0  0  0  0.0833333  0  0  0  0  0  0  0  0 
0  0  0  0.0416667  0  0  0  0.0833333  0  0  0  0.166667  0  0  0  0 
0  0  0  0  0  0  0  0  0  0  0  0  0.166667  0.333333  0.666667  0.666667 
0  0  0  0  0  0  0  0  0  0  0  0  0.666667  0.666667  0.333333  0.166667 
0  0  0  0  0  0  0  0  0  0  0  0  0  0  0  0.166667 
0  0  0  0  0  0  0  0  0  0  0  0  0.166667  0  0  0 
37 16 0
60 61 74 73 46 47 59 48 72 49 62 75 87 86 88 85
0.388889  0.388889  0.194444  0.0972222  0.333333  0.333333  0.166667  0.0833333  0  0  0  0  0  0  0  0 
0.0972222  0.194444  0.388889  0.388889  0.0833333  0.166667  0.333333  0.333333  0  0  0  0  0  0  0  0 
0.0416667  0.0833333  0.166667  0.166667  0.0833333  0.166667  0.333333  0.333333  0.166667  0.333333  0.666667  0.666667  0  0  0  0 
0.166667  0.166667  0.0833333  0.0416667  0.333333  0.333333  0.166667  0.0833333  0.666667  0.666667  0.333333  0.166667  0  0  0  0 
0.0277778  0  0  0  0  0  0  0  0  0  0  0  0  0  0  0 
0.111111  0.111111  0.0555556  0.0277778  0  0  0  0  0  0  0  0  0  0  0  0 
0.0972222  0  0  0  0.0833333  0  0  0  0  0  0  0  0  0  0  0 
0.0277778  0.0555556  0.111111  0.111111  0  0  0  0  0  0  0  0  0  0  0  0 
0.0416667  0  0  0  0.0833333  0  0  0  0.166667  0  0  0  0  0  0  0 
0  0  0  0.0277778  0  0  0  0  0  0  0  0  0  0  0  0 
0  0  0  0.0972222  0  0  0  0.0833333  0  0  0  0  0  0  0  0 
0  0  0  0.0416667  0  0  0  0.0833333  0  0  0  0.166667  0  0  0  0 
0  0  0  0  0  0  0  0  0  0  0  0  0.166667  0.333333  0.666667  0.666667 
0  0  0  0  0  0  0  0  0  0  0  0  0.666667  0.666667  0.333333  0.166667 
0  0  0  0  0  0  0  0  0  0  0  0  0  0  0  0.166667 
0  0  0  0  0  0  0  0  0  0  0  0  0.166667  0  0  0 
38 16 0
61 62 75 74 47 48 60 49 73 50 63 76 88 87 89 86
0.388889  0.388889  0.194444  0.0972222  0.333333  0.333333  0.166667  0.0833333  0  0  0  0  0  0  0  0 
0.0972222  0.194444  0.388889  0.340278  0.0833333  0.166667  0.333333  0.291667  0  0  0  0  0  0  0  0 
0.0416667  0.0833333  0.166667  0.145833  0.0833333  0.166667  0.333333  0.291667  0.166667  0.333333  0.666667  0.583333  0  0  0  0 
0.166667  0.166667  0.0833333  0.0416667  0.333333  0.333333  0.166667  0.0833333  0.666667  0.666667  0.333333  0.166667  0  0  0  0 
0.0277778  0  0  0  0  0  0  0  0  0  0  0  0  0  0  0 
0.111111  0.111111  0.0555556  0.0277778  0  0  0  0  0  0  0  0  0  0  0  0 
0.0972222  0  0  0  0.0833333  0  0  0  0  0  0  0  0  0  0  0 
0.0277778  0.0555556  0.111111  0.0972222  0  0  0  0  0  0  0  0  0  0  0  0 
0.0416667  0  0  0  0.0833333  0  0  0  0.166667  0  0  0  0  0  0  0 
0  0  0  0.0416667  0  0  0  0  0  0  0  0  0  0  0  0 
0  0  0  0.145833  0  0  0  0.125  0  0  0  0  0  0  0  0 
0  0  0  0.0625  0  0  0  0.125  0  0  0  0.25  0  0  0  0 
0  0  0  0  0  0  0  0  0  0  0  0  0.166667  0.333333  0.666667  0.583333 
0  0  0  0  0  0  0  0  0  0  0  0  0.666667  0.666667  0.333333  0.166667 
0  0  0  0  0  0  0  0  0  0  0  0  0  0  0  0.25 
0  0  0  0  0  0  0  0  0  0  0  0  0.166667  0  0  0 
39 16 0
62 63 76 75 48 49 61 50 74 51 64 77 89 88 90 87
0.340278  0.291667  0  0  0.291667  0.25  0  0  0  0  0  0  0  0  0  0 
0.145833  0.291667  0.583333  0  0.125  0.25  0.5  0  0  0  0  0  0  0  0  0 
0.0625  0.125  0.25  0  0.125  0.25  0.5  0  0.25  0.5  1  0  0  0  0  0 
0.145833  0.125  0  0  0.291667  0.25  0  0  0.583333  0.5  0  0  0  0  0  0 
0.0277778  0  0  0  0  0  0  0  0  0  0  0  0  0  0  0 
0.0972222  0.0833333  0  0  0  0  0  0  0  0  0  0  0  0  0  0 
0.0972222  0  0  0  0.0833333  0  0  0  0  0  0  0  0  0  0  0 
0.0416667  0.0833333  0.166667  0  0  0  0  0  0  0  0  0  0  0  0  0 
0.0416667  0  0  0  0.0833333  0  0  0  0.166667  0  0  0  0  0  0  0 
0  0  0  0.166667  0  0  0  0  0  0  0  0  0  0  0  0 
0  0  0  0.583333  0  0  0  0.5  0  0  0  0  0  0  0  0 
0  0  0  0.25  0  0  0  0.5  0  0  0  1  0  0  0  0 
0  0  0  0  0  0  0  0  0  0  0  0  0.25  0.5  1  0 
0  0  0  0  0  0  0  0  0  0  0  0  0.583333  0.5  0  0 
0  0  0  0  0  0  0  0  0  0  0  0  0  0  0  1 
0  0  0  0  0  0  0  0  0  0  0  0  0.166667  0  0  0 
