0 0 0 0 0 0 0
0 0 0 0 0 0 0
0 0 0 0 0 0 0
0 0 0 0 0 0 0
0 0 0 0 0 0 0
0 0 0 0 0 0 0
0 0 0 0 0 0 0
0 0 0 0 0 0 0
0 0 0 0 0 0 0
0 0 0 0 0 0 0
0 0 0 0 0 0 0
0 0 0 0 0 0 0
0 0 0 0 0 0 0
0 0 0 0.1536 0 0.1536 0
0 0 0 0.150543 0 0.150543 0
0 0 0 0.0963478 0 0.0963478 0
0 0 0 0.0541956 0 0.0541956 0
0 0 0 0.0240869 0 0.0240869 0
0 0 0 0.00602173 0 0.00602173 0
0 0 0 0 0 0 0
0 0 0 0.00602173 0 0.00602173 0
0 0 0 0.0240869 0 0.0240869 0
0 0 0 0.0541956 0 0.0541956 0
0 0 0 0.0963478 0 0.0963478 0
0 0 0 0.150543 0 0.150543 0
0 0 0 0.1536 0 0.1536 0
0 0 0 0.7884 0 0.7884 0
0 0 0 0.772711 0 0.772711 0
0 0 0 0.494535 0 0.494535 0
0 0 0 0.278176 0 0.278176 0
0 0 0 0.123634 0 0.123634 0
0 0 0 0.0309084 0 0.0309084 0
0 0 0 0 0 0 0
0 0 0 0.0309084 0 0.0309084 0
0 0 0 0.123634 0 0.123634 0
0 0 0 0.278176 0 0.278176 0
0 0 0 0.494535 0 0.494535 0
0 0 0 0.772711 0 0.772711 0
0 0 0 0.7884 0 0.7884 0
0 0 0 1 0 1 0
0 0 0 0.9801 0 0.9801 0
0 0 0 0.627264 0 0.627264 0
0 0 0 0.352836 0 0.352836 0
0 0 0 0.156816 0 0.156816 0
0 0 0 0.039204 0 0.039204 0
0 0 0 0 0 0 0
0 0 0 0.039204 0 0.039204 0
0 0 0 0.156816 0 0.156816 0
0 0 0 0.352836 0 0.352836 0
0 0 0 0.627264 0 0.627264 0
0 0 0 0.9801 0 0.9801 0
0 0 0 1 0 1 0
0 0 0 0.7884 0 0.7884 0
0 0 0 0.772711 0 0.772711 0
0 0 0 0.494535 0 0.494535 0
0 0 0 0.278176 0 0.278176 0
0 0 0 0.123634 0 0.123634 0
0 0 0 0.0309084 0 0.0309084 0
0 0 0 0 0 0 0
0 0 0 0.0309084 0 0.0309084 0
0 0 0 0.123634 0 0.123634 0
0 0 0 0.278176 0 0.278176 0
0 0 0 0.494535 0 0.494535 0
0 0 0 0.772711 0 0.772711 0
0 0 0 0.7884 0 0.7884 0
0 0 0 0.1536 0 0.1536 0
0 0 0 0.150543 0 0.150543 0
0 0 0 0.0963478 0 0.0963478 0
0 0 0 0.0541956 0 0.0541956 0
0 0 0 0.0240869 0 0.0240869 0
0 0 0 0.00602173 0 0.00602173 0
0 0 0 0 0 0 0
0 0 0 0.00602173 0 0.00602173 0
0 0 0 0.0240869 0 0.0240869 0
0 0 0 0.0541956 0 0.0541956 0
0 0 0 0.0963478 0 0.0963478 0
0 0 0 0.150543 0 0.150543 0
0 0 0 0.1536 0 0.1536 0
0 0 0 0 0 0 0
0 0 0 0 0 0 0
0 0 0 0 0 0 0
0 0 0 0 0 0 0
0 0 0 0 0 0 0
0 0 0 0 0 0 0
0 0 0 0 0 0 0
0 0 0 0 0 0 0
0 0 0 0 0 0 0
0 0 0 0 0 0 0
0 0 0 0 0 0 0
0 0 0 0 0 0 0
0 0 0 0 0 0 0
