0.7180528 -0.6959887 0
0 0 0
0.7033986 -0.6817849 0
0.6594363 -0.6391734 0
0.5861658 -0.5681543 0
0.4835862 -0.4687267 0
0.351699 -0.3408921 0
0.1905036 -0.1846499 0
0 0 0
0.7033986 -0.6817849 0
0.6594363 -0.6391734 0
0.5861658 -0.5681543 0
0.4835862 -0.4687267 0
0.351699 -0.3408921 0
0.1905036 -0.1846499 0
0.7180528 -0.6959887 0
0 0 0
0.7033986 -0.6817849 0
0.6594363 -0.6391734 0
0.5861658 -0.5681543 0
0.4835862 -0.4687267 0
0.351699 -0.3408921 0
0.1905036 -0.1846499 0
0 0 0
0.7033986 -0.6817849 0
0.6594363 -0.6391734 0
0.5861658 -0.5681543 0
0.4835862 -0.4687267 0
0.351699 -0.3408921 0
0.1905036 -0.1846499 0
0.7200856 -0.6938853 0
0 0 0
0.70539 -0.6797244 0
0.6613032 -0.6372417 0
0.5878252 -0.5664372 0
0.4849552 -0.4673102 0
0.3526947 -0.3398619 0
0.1910429 -0.1840918 0
0 0 0
0.70539 -0.6797244 0
0.6613032 -0.6372417 0
0.5878252 -0.5664372 0
0.4849552 -0.4673102 0
0.3526947 -0.3398619 0
0.1910429 -0.1840918 0
0.7221331 -0.6917541 0
0 0 0
0.7073957 -0.6776367 0
0.6631836 -0.6352845 0
0.5894967 -0.5646975 0
0.4863342 -0.4658749 0
0.3536976 -0.3388181 0
0.1915862 -0.1835264 0
0 0 0
0.7073957 -0.6776367 0
0.6631836 -0.6352845 0
0.5894967 -0.5646975 0
0.4863342 -0.4658749 0
0.3536976 -0.3388181 0
0.1915862 -0.1835264 0
0.7241962 -0.689594 0
0 0 0
0.7094167 -0.6755207 0
0.6650782 -0.6333007 0
0.5911808 -0.5629341 0
0.4877236 -0.4644201 0
0.354708 -0.3377601 0
0.1921335 -0.1829533 0
0 0 0
0.7094167 -0.6755207 0
0.6650782 -0.6333007 0
0.5911808 -0.5629341 0
0.4877236 -0.4644201 0
0.354708 -0.3377601 0
0.1921335 -0.1829533 0
0.7262743 -0.687405 0
0 0 0
0.7114524 -0.6733763 0
0.6669868 -0.6312904 0
0.5928773000000001 -0.5611472 0
0.4891232 -0.4629459 0
0.3557259 -0.3366879 0
0.1926848 -0.1823726 0
0 0 0
0.7114524 -0.6733763 0
0.6669868 -0.6312904 0
0.5928773000000001 -0.5611472 0
0.4891232 -0.4629459 0
0.3557259 -0.3366879 0
0.1926848 -0.1823726 0
0.7283679 -0.6851863 0
0 0 0
0.7135032 -0.6712029 0
0.6689094 -0.6292527999999999 0
0.5945863 -0.5593360000000001 0
0.4905331 -0.4614517 0
0.3567513 -0.3356012 0
0.1932403 -0.181784 0
0 0 0
0.7135032 -0.6712029 0
0.6689094 -0.6292527999999999 0
0.5945863 -0.5593360000000001 0
0.4905331 -0.4614517 0
0.3567513 -0.3356012 0
0.1932403 -0.181784 0
0.7304769 -0.6829374 0
0 0 0
0.7155692 -0.669 0
0.6708461999999999 -0.6271876 0
0.5963079 -0.5575002 0
0.4919535 -0.4599371 0
0.3577843 -0.3344997 0
0.1937998 -0.1811873 0
0 0 0
0.7155692 -0.669 0
0.6708461999999999 -0.6271876 0
0.5963079 -0.5575002 0
0.4919535 -0.4599371 0
0.3577843 -0.3344997 0
0.1937998 -0.1811873 0
0.7326013 -0.680658 0
0 0 0
0.7176503 -0.6667670999999999 0
0.6727972 -0.6250942 0
0.5980421 -0.5556395 0
0.4933842 -0.458402 0
0.3588248 -0.3333832 0
0.1943634 -0.1805826 0
0 0 0
0.7176503 -0.6667670999999999 0
0.6727972 -0.6250942 0
0.5980421 -0.5556395 0
0.4933842 -0.458402 0
0.3588248 -0.3333832 0
0.1943634 -0.1805826 0
0.7347414 -0.6783473 0
0 0 0
0.7197467 -0.6645035 0
0.6747626 -0.6229721 0
0.5997892 -0.5537531 0
0.4948255 -0.4568458 0
0.359873 -0.3322515 0
0.1949312 -0.1799695 0
0 0 0
0.7197467 -0.6645035 0
0.6747626 -0.6229721 0
0.5997892 -0.5537531 0
0.4948255 -0.4568458 0
0.359873 -0.3322515 0
0.1949312 -0.1799695 0
0.7368979 -0.676004 0
0 0 0
0.7218592 -0.662208 0
0.6767431 -0.6208201 0
0.6015496 -0.5518403 0
0.4962778 -0.4552677 0
0.3609293 -0.3311037 0
0.1955034 -0.1793478 0
0 0 0
0.7218592 -0.662208 0
0.6767431 -0.6208201 0
0.6015496 -0.5518403 0
0.4962778 -0.4552677 0
0.3609293 -0.3311037 0
0.1955034 -0.1793478 0
0.7390698999999999 -0.6736287 0
0 0 0
0.7239869 -0.6598811999999999 0
0.6787377999999999 -0.6186387 0
0.6033226 -0.5499013 0
0.4977406 -0.453668 0
0.3619931 -0.3299403 0
0.1960796 -0.1787177 0
0 0 0
0.7239869 -0.6598811999999999 0
0.6787377999999999 -0.6186387 0
0.6033226 -0.5499013 0
0.4977406 -0.453668 0
0.3619931 -0.3299403 0
0.1960796 -0.1787177 0
0.7412583 -0.6712199 0
0 0 0
0.7261306 -0.6575216 0
0.6807474999999999 -0.6164266 0
0.6051091 -0.5479349 0
0.4992144 -0.4520457 0
0.363065 -0.3287605 0
0.1966602 -0.1780786 0
0 0 0
0.7261306 -0.6575216 0
0.6807474999999999 -0.6164266 0
0.6051091 -0.5479349 0
0.4992144 -0.4520457 0
0.363065 -0.3287605 0
0.1966602 -0.1780786 0
0.7434624 -0.6687778 0
0 0 0
0.7282897 -0.6551293 0
0.6827717 -0.6141837999999999 0
0.6069083 -0.5459413 0
0.5006988 -0.450401 0
0.3641445 -0.3275643 0
0.1972449 -0.1774307 0
0 0 0
0.7282897 -0.6551293 0
0.6827717 -0.6141837999999999 0
0.6069083 -0.5459413 0
0.5006988 -0.450401 0
0.3641445 -0.3275643 0
0.1972449 -0.1774307 0
0.7456829 -0.666301 0
0 0 0
0.7304649 -0.652703 0
0.6848109 -0.6119092 0
0.608721 -0.5439194000000001 0
0.5021942 -0.448733 0
0.3652321 -0.3263512 0
0.1978341 -0.1767736 0
0 0 0
0.7304649 -0.652703 0
0.6848109 -0.6119092 0
0.608721 -0.5439194000000001 0
0.5021942 -0.448733 0
0.3652321 -0.3263512 0
0.1978341 -0.1767736 0
0.7479198 -0.6637891 0
0 0 0
0.7326562 -0.6502424 0
0.6868653 -0.6096023 0
0.6105471 -0.5418689 0
0.5037007 -0.4470413 0
0.3663278 -0.3251209 0
0.1984275 -0.1761071 0
0 0 0
0.7326562 -0.6502424 0
0.6868653 -0.6096023 0
0.6105471 -0.5418689 0
0.5037007 -0.4470413 0
0.3663278 -0.3251209 0
0.1984275 -0.1761071 0
0.7501731 -0.6612415 0
0 0 0
0.7348635 -0.6477468 0
0.6889346 -0.6072627 0
0.6123864999999999 -0.5397892 0
0.5052183 -0.4453256 0
0.3674314 -0.3238731 0
0.1990253 -0.1754313 0
0 0 0
0.7348635 -0.6477468 0
0.6889346 -0.6072627 0
0.6123864999999999 -0.5397892 0
0.5052183 -0.4453256 0
0.3674314 -0.3238731 0
0.1990253 -0.1754313 0
0.752443 -0.6586573 0
0 0 0
0.7370871 -0.6452154 0
0.6910191999999999 -0.6048895 0
0.6142395 -0.5376797 0
0.5067469999999999 -0.4435852 0
0.3685432 -0.3226074 0
0.1996276 -0.1747457 0
0 0 0
0.7370871 -0.6452154 0
0.6910191999999999 -0.6048895 0
0.6142395 -0.5376797 0
0.5067469999999999 -0.4435852 0
0.3685432 -0.3226074 0
0.1996276 -0.1747457 0
0.7547295000000001 -0.6560361 0
0 0 0
0.7393269 -0.6426477 0
0.693119 -0.6024823 0
0.616106 -0.5355399 0
0.5082868 -0.4418199 0
0.3696631 -0.3213235 0
0.2002342 -0.1740502 0
0 0 0
0.7393269 -0.6426477 0
0.693119 -0.6024823 0
0.616106 -0.5355399 0
0.5082868 -0.4418199 0
0.3696631 -0.3213235 0
0.2002342 -0.1740502 0
0.7570325 -0.6533772 0
0 0 0
0.7415829 -0.640043 0
0.6952341 -0.6000404 0
0.617986 -0.5333694 0
0.5098379 -0.4400292 0
0.3707911 -0.3200212 0
0.2008452 -0.1733448 0
0 0 0
0.7415829 -0.640043 0
0.6952341 -0.6000404 0
0.617986 -0.5333694 0
0.5098379 -0.4400292 0
0.3707911 -0.3200212 0
0.2008452 -0.1733448 0
0.7593525 -0.6506795 0
0 0 0
0.7438555 -0.6374004 0
0.6973646 -0.5975629 0
0.6198799 -0.5311672 0
0.5114003 -0.4382124 0
0.3719274 -0.3186999 0
0.2014607 -0.1726291 0
0 0 0
0.7438555 -0.6374004 0
0.6973646 -0.5975629 0
0.6198799 -0.5311672 0
0.5114003 -0.4382124 0
0.3719274 -0.3186999 0
0.2014607 -0.1726291 0
0.7616894 -0.6479423 0
0 0 0
0.7461447 -0.6347191 0
0.6995108 -0.5950491999999999 0
0.6217875 -0.5289328 0
0.5129741 -0.436369 0
0.373072 -0.3173592 0
0.2020807 -0.1719029 0
0 0 0
0.7461447 -0.6347191 0
0.6995108 -0.5950491999999999 0
0.6217875 -0.5289328 0
0.5129741 -0.436369 0
0.373072 -0.3173592 0
0.2020807 -0.1719029 0
0.7640429 -0.6451654999999999 0
0 0 0
0.7484502 -0.6319989 0
0.7016721 -0.592499 0
0.6237087 -0.5266659 0
0.5145591 -0.4344989 0
0.3742248 -0.3159992 0
0.2027051 -0.1711662 0
0 0 0
0.7484502 -0.6319989 0
0.7016721 -0.592499 0
0.6237087 -0.5266659 0
0.5145591 -0.4344989 0
0.3742248 -0.3159992 0
0.2027051 -0.1711662 0
0.7664138 -0.6423470999999999 0
0 0 0
0.7507728 -0.629238 0
0.7038496 -0.5899107 0
0.6256442 -0.5243652 0
0.5161559 -0.4326008 0
0.3753861 -0.3146187 0
0.2033341 -0.1704185 0
0 0 0
0.7507728 -0.629238 0
0.7038496 -0.5899107 0
0.6256442 -0.5243652 0
0.5161559 -0.4326008 0
0.3753861 -0.3146187 0
0.2033341 -0.1704185 0
0.7688013 -0.6394878000000001 0
0 0 0
0.7531115 -0.626437 0
0.7060421 -0.5872848000000001 0
0.6275931 -0.5220311 0
0.5177637 -0.4306751 0
0.3765554 -0.3132182 0
0.2039675 -0.1696599 0
0 0 0
0.7531115 -0.626437 0
0.7060421 -0.5872848000000001 0
0.6275931 -0.5220311 0
0.5177637 -0.4306751 0
0.3765554 -0.3132182 0
0.2039675 -0.1696599 0
0.7712065 -0.6365851 0
0 0 0
0.7554676 -0.6235936 0
0.7082509 -0.5846190999999999 0
0.6295566 -0.5196615999999999 0
0.5193835999999999 -0.4287203 0
0.3777335 -0.3117965 0
0.2046056 -0.1688898 0
0 0 0
0.7554676 -0.6235936 0
0.7082509 -0.5846190999999999 0
0.6295566 -0.5196615999999999 0
0.5193835999999999 -0.4287203 0
0.3777335 -0.3117965 0
0.2046056 -0.1688898 0
0.7736282 -0.6336398 0
0 0 0
0.7578399 -0.6207084 0
0.710475 -0.5819142 0
0.6315335 -0.5172572 0
0.5210145 -0.4267367 0
0.3789196 -0.3103539 0
0.2052481 -0.1681084 0
0 0 0
0.7578399 -0.6207084 0
0.710475 -0.5819142 0
0.6315335 -0.5172572 0
0.5210145 -0.4267367 0
0.3789196 -0.3103539 0
0.2052481 -0.1681084 0
0.7760672 -0.6306502 0
0 0 0
0.7602291 -0.6177798 0
0.7127149 -0.5791687 0
0.6335245 -0.5148167 0
0.5226571 -0.4247233 0
0.3801142 -0.3088897 0
0.2058952 -0.1673152 0
0 0 0
0.7602291 -0.6177798 0
0.7127149 -0.5791687 0
0.6335245 -0.5148167 0
0.5226571 -0.4247233 0
0.3801142 -0.3088897 0
0.2058952 -0.1673152 0
0.7785242 -0.6276146 0
0 0 0
0.7626359 -0.6148062 0
0.7149713 -0.5763809 0
0.6355302 -0.5123387 0
0.5243118 -0.4226789 0
0.3813176 -0.3074028 0
0.206547 -0.1665099 0
0 0 0
0.7626359 -0.6148062 0
0.7149713 -0.5763809 0
0.6355302 -0.5123387 0
0.5243118 -0.4226789 0
0.3813176 -0.3074028 0
0.206547 -0.1665099 0
0.7809986 -0.6245327000000001 0
0 0 0
0.7650599 -0.6117872 0
0.7172438 -0.5735506 0
0.6375502 -0.5098229 0
0.5259783 -0.4206034 0
0.3825296 -0.3058933 0
0.2072035 -0.1656922 0
0 0 0
0.7650599 -0.6117872 0
0.7172438 -0.5735506 0
0.6375502 -0.5098229 0
0.5259783 -0.4206034 0
0.3825296 -0.3058933 0
0.2072035 -0.1656922 0
0.7834897 -0.6214047 0
0 0 0
0.7675002 -0.608723 0
0.7195315 -0.5706779 0
0.6395837 -0.5072694 0
0.527656 -0.4184968 0
0.3837498 -0.3043612 0
0.2078644 -0.1648623 0
0 0 0
0.7675002 -0.608723 0
0.7195315 -0.5706779 0
0.6395837 -0.5072694 0
0.527656 -0.4184968 0
0.3837498 -0.3043612 0
0.2078644 -0.1648623 0
0.7859988999999999 -0.6182278 0
0 0 0
0.7699582 -0.605611 0
0.7218359 -0.5677604000000001 0
0.6416321 -0.504676 0
0.5293458 -0.4163572 0
0.3849788 -0.3028052 0
0.2085301 -0.1640195 0
0 0 0
0.7699582 -0.605611 0
0.7218359 -0.5677604000000001 0
0.6416321 -0.504676 0
0.5293458 -0.4163572 0
0.3849788 -0.3028052 0
0.2085301 -0.1640195 0
0.7885246 -0.6150032 0
0 0 0
0.7724323 -0.6024522 0
0.7241554 -0.5647990000000001 0
0.6436938 -0.5020437 0
0.5310468 -0.4141855 0
0.3862158 -0.3012258 0
0.2092002 -0.163164 0
0 0 0
0.7724323 -0.6024522 0
0.7241554 -0.5647990000000001 0
0.6436938 -0.5020437 0
0.5310468 -0.4141855 0
0.3862158 -0.3012258 0
0.2092002 -0.163164 0
0.791068 -0.6117283 0
0 0 0
0.7749237 -0.5992440999999999 0
0.7264910999999999 -0.5617914000000001 0
0.6457701 -0.4993702 0
0.5327596999999999 -0.41198 0
0.3874615 -0.2996218 0
0.209875 -0.1622951 0
0 0 0
0.7749237 -0.5992440999999999 0
0.7264910999999999 -0.5617914000000001 0
0.6457701 -0.4993702 0
0.5327596999999999 -0.41198 0
0.3874615 -0.2996218 0
0.209875 -0.1622951 0
0.7936287 -0.6084024 0
0 0 0
0.7774322 -0.5959861 0
0.7288428 -0.558737 0
0.6478604 -0.4966553 0
0.5344842 -0.4097401 0
0.3887158 -0.2979928 0
0.2105544 -0.1614127 0
0 0 0
0.7774322 -0.5959861 0
0.7288428 -0.558737 0
0.6478604 -0.4966553 0
0.5344842 -0.4097401 0
0.3887158 -0.2979928 0
0.2105544 -0.1614127 0
0.796206 -0.6050257 0
0 0 0
0.7799569 -0.5926782 0
0.7312097 -0.5556359 0
0.6499643000000001 -0.4938987 0
0.5362199 -0.407466 0
0.3899781 -0.2963389 0
0.2112381 -0.1605169 0
0 0 0
0.7799569 -0.5926782 0
0.7312097 -0.5556359 0
0.6499643000000001 -0.4938987 0
0.5362199 -0.407466 0
0.3899781 -0.2963389 0
0.2112381 -0.1605169 0
0.7988007 -0.6015958 0
0 0 0
0.7824987 -0.5893183 0
0.7335926 -0.552486 0
0.6520825 -0.4910988 0
0.5379674 -0.405156 0
0.391249 -0.2946589 0
0.2119265 -0.1596069 0
0 0 0
0.7824987 -0.5893183 0
0.7335926 -0.552486 0
0.6520825 -0.4910988 0
0.5379674 -0.405156 0
0.391249 -0.2946589 0
0.2119265 -0.1596069 0
0.8014134000000001 -0.5981108000000001 0
0 0 0
0.7850581 -0.5859045000000001 0
0.7359921 -0.5492855 0
0.6542153000000001 -0.4882539 0
0.539727 -0.402809 0
0.3925287 -0.292952 0
0.2126197 -0.1586823 0
0 0 0
0.7850581 -0.5859045000000001 0
0.7359921 -0.5492855 0
0.6542153000000001 -0.4882539 0
0.539727 -0.402809 0
0.3925287 -0.292952 0
0.2126197 -0.1586823 0
0.8040431 -0.594571 0
0 0 0
0.7876341 -0.5824369 0
0.7384071 -0.5460347 0
0.656362 -0.4853643 0
0.541498 -0.4004251 0
0.3938167 -0.2912182 0
0.2133174 -0.1577432 0
0 0 0
0.7876341 -0.5824369 0
0.7384071 -0.5460347 0
0.656362 -0.4853643 0
0.541498 -0.4004251 0
0.3938167 -0.2912182 0
0.2133174 -0.1577432 0
0.8066896 -0.5909753 0
0 0 0
0.7902266 -0.5789145999999999 0
0.7408375 -0.5427325 0
0.6585224 -0.4824291 0
0.5432804 -0.3980035 0
0.395113 -0.2894571 0
0.2140195 -0.1567892 0
0 0 0
0.7902266 -0.5789145999999999 0
0.7408375 -0.5427325 0
0.6585224 -0.4824291 0
0.5432804 -0.3980035 0
0.395113 -0.2894571 0
0.2140195 -0.1567892 0
0.8093534 -0.5873219 0
0 0 0
0.792836 -0.5753358 0
0.7432839 -0.5393774 0
0.660697 -0.4794467 0
0.5450744 -0.395543 0
0.3964177 -0.2876676 0
0.2147262 -0.15582 0
0 0 0
0.792836 -0.5753358 0
0.7432839 -0.5393774 0
0.660697 -0.4794467 0
0.5450744 -0.395543 0
0.3964177 -0.2876676 0
0.2147262 -0.15582 0
0.8120334 -0.583611 0
0 0 0
0.7954613 -0.5717006 0
0.7457451 -0.5359694 0
0.6628847 -0.4764174 0
0.5468792 -0.3930439 0
0.3977303 -0.2858501 0
0.2154372 -0.1548354 0
0 0 0
0.7954613 -0.5717006 0
0.7457451 -0.5359694 0
0.6628847 -0.4764174 0
0.5468792 -0.3930439 0
0.3977303 -0.2858501 0
0.2154372 -0.1548354 0
0.8147299 -0.5798406 0
0 0 0
0.7981028 -0.5680072 0
0.7482215 -0.5325067999999999 0
0.6650859 -0.4733395 0
0.5486953 -0.3905046 0
0.3990511 -0.2840033 0
0.2161526 -0.1538351 0
0 0 0
0.7981028 -0.5680072 0
0.7482215 -0.5325067999999999 0
0.6650859 -0.4733395 0
0.5486953 -0.3905046 0
0.3990511 -0.2840033 0
0.2161526 -0.1538351 0
0.8174431 -0.5760092999999999 0
0 0 0
0.8007607 -0.564254 0
0.7507132 -0.5289882 0
0.6673008 -0.4702119 0
0.5505225 -0.3879243 0
0.40038 -0.2821268 0
0.2168725 -0.1528187 0
0 0 0
0.8007607 -0.564254 0
0.7507132 -0.5289882 0
0.6673008 -0.4702119 0
0.5505225 -0.3879243 0
0.40038 -0.2821268 0
0.2168725 -0.1528187 0
0.8201737 -0.5721146 0
0 0 0
0.8034355 -0.5604388 0
0.7532209 -0.5254115 0
0.6695298 -0.4670326 0
0.5523614999999999 -0.3853014 0
0.4017174 -0.2802192 0
0.2175969 -0.1517854 0
0 0 0
0.8034355 -0.5604388 0
0.7532209 -0.5254115 0
0.6695298 -0.4670326 0
0.5523614999999999 -0.3853014 0
0.4017174 -0.2802192 0
0.2175969 -0.1517854 0
0.82292 -0.5681573 0
0 0 0
0.8061256999999999 -0.5565623 0
0.7557430000000001 -0.5217772000000001 0
0.6717717 -0.4638021 0
0.554211 -0.3826363 0
0.4030625 -0.2782809 0
0.2183255 -0.1507355 0
0 0 0
0.8061256999999999 -0.5565623 0
0.7557430000000001 -0.5217772000000001 0
0.6717717 -0.4638021 0
0.554211 -0.3826363 0
0.4030625 -0.2782809 0
0.2183255 -0.1507355 0
0.8256821 -0.5641357 0
0 0 0
0.8088314 -0.5526228 0
0.7582796000000001 -0.5180839 0
0.6740265 -0.4605192 0
0.5560712 -0.3799279 0
0.4044154 -0.2763112 0
0.2190583 -0.1496685 0
0 0 0
0.8088314 -0.5526228 0
0.7582796000000001 -0.5180839 0
0.6740265 -0.4605192 0
0.5560712 -0.3799279 0
0.4044154 -0.2763112 0
0.2190583 -0.1496685 0
0.82846 -0.5600482 0
0 0 0
0.8115527 -0.5486187 0
0.7608307 -0.5143301 0
0.6762942 -0.4571824 0
0.557942 -0.3771751 0
0.405776 -0.2743091 0
0.2197953 -0.1485841 0
0 0 0
0.8115527 -0.5486187 0
0.7608307 -0.5143301 0
0.6762942 -0.4571824 0
0.557942 -0.3771751 0
0.405776 -0.2743091 0
0.2197953 -0.1485841 0
0.831253 -0.5558943 0
0 0 0
0.8142887 -0.5445496 0
0.7633957 -0.5105153 0
0.6785742 -0.4537915 0
0.559823 -0.3743775 0
0.407144 -0.2722745 0
0.2205363 -0.147482 0
0 0 0
0.8142887 -0.5445496 0
0.7633957 -0.5105153 0
0.6785742 -0.4537915 0
0.559823 -0.3743775 0
0.407144 -0.2722745 0
0.2205363 -0.147482 0
0.8340615 -0.5516715 0
0 0 0
0.8170398 -0.5404129 0
0.765975 -0.5066372 0
0.6808668 -0.4503443 0
0.5617145 -0.3715336 0
0.4085196 -0.2702062 0
0.2212814 -0.1463617 0
0 0 0
0.8170398 -0.5404129 0
0.765975 -0.5066372 0
0.6808668 -0.4503443 0
0.5617145 -0.3715336 0
0.4085196 -0.2702062 0
0.2212814 -0.1463617 0
0.8368856 -0.5473778 0
0 0 0
0.8198064 -0.5362068 0
0.7685686 -0.502694 0
0.6831723 -0.4468392 0
0.5636164 -0.3686419 0
0.4099028 -0.2681032 0
0.2220307 -0.1452225 0
0 0 0
0.8198064 -0.5362068 0
0.7685686 -0.502694 0
0.6831723 -0.4468392 0
0.5636164 -0.3686419 0
0.4099028 -0.2681032 0
0.2220307 -0.1452225 0
0.8397243 -0.5430129 0
0 0 0
0.8225871 -0.5319311 0
0.7711755 -0.4986854 0
0.6854896 -0.4432761 0
0.5655282 -0.3657023 0
0.4112932 -0.2659653 0
0.2227838 -0.1440645 0
0 0 0
0.8225871 -0.5319311 0
0.7711755 -0.4986854 0
0.6854896 -0.4432761 0
0.5655282 -0.3657023 0
0.4112932 -0.2659653 0
0.2227838 -0.1440645 0
0.8425765 -0.5385767 0
0 0 0
0.8253811 -0.5275853 0
0.7737949 -0.4946113 0
0.6878179 -0.4396546 0
0.5674491 -0.3627146 0
0.4126902 -0.2637924 0
0.2235405 -0.1428876 0
0 0 0
0.8253811 -0.5275853 0
0.7737949 -0.4946113 0
0.6878179 -0.4396546 0
0.5674491 -0.3627146 0
0.4126902 -0.2637924 0
0.2235405 -0.1428876 0
0.8454425 -0.5340664000000001 0
0 0 0
0.8281886000000001 -0.5231671 0
0.776427 -0.4904692 0
0.6901575 -0.4359728 0
0.5693793 -0.3596771 0
0.414094 -0.2615833 0
0.2243009 -0.141691 0
0 0 0
0.8281886000000001 -0.5231671 0
0.776427 -0.4904692 0
0.6901575 -0.4359728 0
0.5693793 -0.3596771 0
0.414094 -0.2615833 0
0.2243009 -0.141691 0
0.8483224 -0.52948 0
0 0 0
0.8310097 -0.5186743 0
0.7790717 -0.4862573 0
0.6925084 -0.4322288 0
0.5713188 -0.3565883 0
0.4155045 -0.2593369 0
0.2250649 -0.1404742 0
0 0 0
0.8310097 -0.5186743 0
0.7790717 -0.4862573 0
0.6925084 -0.4322288 0
0.5713188 -0.3565883 0
0.4155045 -0.2593369 0
0.2250649 -0.1404742 0
0.8512159 -0.5248156 0
0 0 0
0.8338442 -0.5141051 0
0.7817291 -0.4819736 0
0.6948704999999999 -0.4284211 0
0.5732675 -0.353447 0
0.4169217 -0.2570523 0
0.2258326 -0.1392367 0
0 0 0
0.8338442 -0.5141051 0
0.7817291 -0.4819736 0
0.6948704999999999 -0.4284211 0
0.5732675 -0.353447 0
0.4169217 -0.2570523 0
0.2258326 -0.1392367 0
0.8541217 -0.5200732 0
0 0 0
0.8366907 -0.5094595 0
0.7843976 -0.4776183 0
0.6972425 -0.4245497 0
0.5752244 -0.3502531 0
0.418345 -0.2547295 0
0.2266035 -0.1379785 0
0 0 0
0.8366907 -0.5094595 0
0.7843976 -0.4776183 0
0.6972425 -0.4245497 0
0.5752244 -0.3502531 0
0.418345 -0.2547295 0
0.2266035 -0.1379785 0
0.8570387 -0.515252 0
0 0 0
0.8395482 -0.5047367 0
0.7870765 -0.4731907 0
0.6996238 -0.4206141 0
0.5771889 -0.3470062 0
0.4197737 -0.2523681 0
0.2273774 -0.1366994 0
0 0 0
0.8395482 -0.5047367 0
0.7870765 -0.4731907 0
0.6996238 -0.4206141 0
0.5771889 -0.3470062 0
0.4197737 -0.2523681 0
0.2273774 -0.1366994 0
0.8599676000000001 -0.5103486 0
0 0 0
0.8424173 -0.4999334 0
0.7897663 -0.4686876 0
0.7020147 -0.4166113 0
0.5791614 -0.3437039 0
0.4212083 -0.2499665 0
0.2281545 -0.1353985 0
0 0 0
0.8424173 -0.4999334 0
0.7897663 -0.4686876 0
0.7020147 -0.4166113 0
0.5791614 -0.3437039 0
0.4212083 -0.2499665 0
0.2281545 -0.1353985 0
0.8629078 -0.5053613 0
0 0 0
0.8452975 -0.4950479 0
0.7924665 -0.4641074 0
0.7044149 -0.4125401 0
0.5811416 -0.3403452 0
0.4226484 -0.2475237 0
0.2289345 -0.1340753 0
0 0 0
0.8452975 -0.4950479 0
0.7924665 -0.4641074 0
0.7044149 -0.4125401 0
0.5811416 -0.3403452 0
0.4226484 -0.2475237 0
0.2289345 -0.1340753 0
0.8658579 -0.50029 0
0 0 0
0.8481874 -0.49008 0
0.7951758 -0.4594501 0
0.7068231 -0.4084002 0
0.5831284 -0.3369297 0
0.4240933 -0.2450398 0
0.2297172 -0.1327299 0
0 0 0
0.8481874 -0.49008 0
0.7951758 -0.4594501 0
0.7068231 -0.4084002 0
0.5831284 -0.3369297 0
0.4240933 -0.2450398 0
0.2297172 -0.1327299 0
0.8688177 -0.4951322 0
0 0 0
0.8510867 -0.4850275 0
0.7978939 -0.4547133 0
0.7092392 -0.4041897 0
0.5851217 -0.3334561 0
0.425543 -0.2425135 0
0.2305024 -0.1313615 0
0 0 0
0.8510867 -0.4850275 0
0.7978939 -0.4547133 0
0.7092392 -0.4041897 0
0.5851217 -0.3334561 0
0.425543 -0.2425135 0
0.2305024 -0.1313615 0
0.8717858000000001 -0.4898873 0
0 0 0
0.8539943 -0.4798896 0
0.8006198 -0.4498965 0
0.7116622 -0.3999081 0
0.5871206 -0.3299238 0
0.4269968 -0.2399446 0
0.2312899 -0.12997 0
0 0 0
0.8539943 -0.4798896 0
0.8006198 -0.4498965 0
0.7116622 -0.3999081 0
0.5871206 -0.3299238 0
0.4269968 -0.2399446 0
0.2312899 -0.12997 0
0.8747627 -0.4845516 0
0 0 0
0.8569104 -0.4746629 0
0.8033536 -0.4449965 0
0.7140923 -0.3955525 0
0.5891254 -0.3263305 0
0.4284548 -0.2373312 0
0.2320797 -0.1285544 0
0 0 0
0.8569104 -0.4746629 0
0.8033536 -0.4449965 0
0.7140923 -0.3955525 0
0.5891254 -0.3263305 0
0.4284548 -0.2373312 0
0.2320797 -0.1285544 0
0.8777468 -0.4791248 0
0 0 0
0.8598336 -0.4693467 0
0.8060941 -0.4400126 0
0.7165283 -0.3911224 0
0.5911352 -0.3226756 0
0.4299164 -0.2346732 0
0.2328714 -0.1271146 0
0 0 0
0.8598336 -0.4693467 0
0.8060941 -0.4400126 0
0.7165283 -0.3911224 0
0.5911352 -0.3226756 0
0.4299164 -0.2346732 0
0.2328714 -0.1271146 0
0.8807364 -0.4736067 0
0 0 0
0.8627623 -0.4639413 0
0.8088397000000001 -0.434945 0
0.7189689 -0.3866179 0
0.5931486 -0.3189594 0
0.4313808 -0.2319704 0
0.2336646 -0.1256506 0
0 0 0
0.8627623 -0.4639413 0
0.8088397000000001 -0.434945 0
0.7189689 -0.3866179 0
0.5931486 -0.3189594 0
0.4313808 -0.2319704 0
0.2336646 -0.1256506 0
0.883732 -0.4679933 0
0 0 0
0.8656967 -0.4584424 0
0.8115907999999999 -0.4297898 0
0.7214142 -0.3820355 0
0.595166 -0.3151789 0
0.432848 -0.229221 0
0.2344593 -0.1241614 0
0 0 0
0.8656967 -0.4584424 0
0.8115907999999999 -0.4297898 0
0.7214142 -0.3820355 0
0.595166 -0.3151789 0
0.432848 -0.229221 0
0.2344593 -0.1241614 0
0.8867326 -0.4622827 0
0 0 0
0.8686361 -0.4528483 0
0.8143464 -0.4245454 0
0.7238637 -0.3773738 0
0.5971868 -0.311333 0
0.4343177 -0.226424 0
0.2352554 -0.1226463 0
0 0 0
0.8686361 -0.4528483 0
0.8143464 -0.4245454 0
0.7238637 -0.3773738 0
0.5971868 -0.311333 0
0.4343177 -0.226424 0
0.2352554 -0.1226463 0
0.8897361 -0.4564754 0
0 0 0
0.8715782 -0.4471595 0
0.8171047 -0.4192121 0
0.7263155 -0.3726331 0
0.5992096 -0.307422 0
0.4357887 -0.2235796 0
0.2360522 -0.1211056 0
0 0 0
0.8715782 -0.4471595 0
0.8171047 -0.4192121 0
0.7263155 -0.3726331 0
0.5992096 -0.307422 0
0.4357887 -0.2235796 0
0.2360522 -0.1211056 0
0.8927418 -0.4505686 0
0 0 0
0.8745226 -0.4413733 0
0.8198651 -0.4137875 0
0.7287692 -0.3678112 0
0.6012339 -0.3034439 0
0.4372609 -0.2206865 0
0.2368497 -0.1195385 0
0 0 0
0.8745226 -0.4413733 0
0.8198651 -0.4137875 0
0.7287692 -0.3678112 0
0.6012339 -0.3034439 0
0.4372609 -0.2206865 0
0.2368497 -0.1195385 0
0.8957491 -0.4445599 0
0 0 0
0.8774686 -0.4354873 0
0.8226269 -0.4082694 0
0.7312241 -0.3629062 0
0.6032592 -0.2993973 0
0.4387339 -0.2177435 0
0.2376475 -0.1179444 0
0 0 0
0.8774686 -0.4354873 0
0.8226269 -0.4082694 0
0.7312241 -0.3629062 0
0.6032592 -0.2993973 0
0.4387339 -0.2177435 0
0.2376475 -0.1179444 0
0.8987562 -0.4384488 0
0 0 0
0.8804143 -0.4295008 0
0.8253885 -0.4026571 0
0.7336789 -0.3579175 0
0.6052843 -0.2952816 0
0.4402067 -0.2147502 0
0.2384453 -0.116323 0
0 0 0
0.8804143 -0.4295008 0
0.8253885 -0.4026571 0
0.7336789 -0.3579175 0
0.6052843 -0.2952816 0
0.4402067 -0.2147502 0
0.2384453 -0.116323 0
0.9017617999999999 -0.4322334 0
0 0 0
0.8833585 -0.4234123 0
0.8281487 -0.3969491 0
0.7361324 -0.3528438 0
0.6073085 -0.2910958 0
0.4416789 -0.211706 0
0.2392427 -0.1146741 0
0 0 0
0.8833585 -0.4234123 0
0.8281487 -0.3969491 0
0.7361324 -0.3528438 0
0.6073085 -0.2910958 0
0.4416789 -0.211706 0
0.2392427 -0.1146741 0
0.9047648 -0.4259115 0
0 0 0
0.8863003 -0.4172194 0
0.8309066000000001 -0.3911433 0
0.7385839 -0.347683 0
0.609331 -0.2868381 0
0.4431498 -0.2086095 0
0.2400394 -0.1129968 0
0 0 0
0.8863003 -0.4172194 0
0.8309066000000001 -0.3911433 0
0.7385839 -0.347683 0
0.609331 -0.2868381 0
0.4431498 -0.2086095 0
0.2400394 -0.1129968 0
0.907764 -0.4194812 0
0 0 0
0.8892383 -0.4109204 0
0.833661 -0.3852379 0
0.7410322 -0.3424338 0
0.6113508 -0.2825076 0
0.4446187 -0.20546 0
0.2408351 -0.1112908 0
0 0 0
0.8892383 -0.4109204 0
0.833661 -0.3852379 0
0.7410322 -0.3424338 0
0.6113508 -0.2825076 0
0.4446187 -0.20546 0
0.2408351 -0.1112908 0
0.9107572 -0.4129422 0
0 0 0
0.8921704 -0.4045148 0
0.8364099 -0.3792327 0
0.7434756 -0.3370958 0
0.6133667 -0.2781037 0
0.4460848 -0.2022572 0
0.2416292 -0.109556 0
0 0 0
0.8921704 -0.4045148 0
0.8364099 -0.3792327 0
0.7434756 -0.3370958 0
0.6133667 -0.2781037 0
0.4460848 -0.2022572 0
0.2416292 -0.109556 0
0.9137434 -0.4062918 0
0 0 0
0.8950956 -0.3980001 0
0.8391523 -0.3731252 0
0.7459133 -0.3316669 0
0.6153778 -0.2736249 0
0.4475474 -0.1989999 0
0.2424215 -0.1077916 0
0 0 0
0.8950956 -0.3980001 0
0.8391523 -0.3731252 0
0.7459133 -0.3316669 0
0.6153778 -0.2736249 0
0.4475474 -0.1989999 0
0.2424215 -0.1077916 0
0.9167208999999999 -0.3995282 0
0 0 0
0.8980123 -0.3913746 0
0.8418867 -0.3669137 0
0.7483439 -0.3261456 0
0.617383 -0.2690698 0
0.4490058 -0.1956871 0
0.2432114 -0.1059972 0
0 0 0
0.8980123 -0.3913746 0
0.8418867 -0.3669137 0
0.7483439 -0.3261456 0
0.617383 -0.2690698 0
0.4490058 -0.1956871 0
0.2432114 -0.1059972 0
0.9196876 -0.3926509 0
0 0 0
0.9009185 -0.3846376 0
0.8446112 -0.3605978 0
0.7507657 -0.3205315 0
0.619381 -0.2644382 0
0.4504589 -0.1923187 0
0.2439985 -0.1041726 0
0 0 0
0.9009185 -0.3846376 0
0.8446112 -0.3605978 0
0.7507657 -0.3205315 0
0.619381 -0.2644382 0
0.4504589 -0.1923187 0
0.2439985 -0.1041726 0
0.9226423 -0.3856569 0
0 0 0
0.9038129 -0.3777864 0
0.8473247 -0.3541748 0
0.7531777 -0.3148221 0
0.6213708999999999 -0.2597279 0
0.451906 -0.188893 0
0.2447824 -0.102317 0
0 0 0
0.9038129 -0.3777864 0
0.8473247 -0.3541748 0
0.7531777 -0.3148221 0
0.6213708999999999 -0.2597279 0
0.451906 -0.188893 0
0.2447824 -0.102317 0
0.9255824 -0.3785461 0
0 0 0
0.906693 -0.3708207 0
0.8500248 -0.3476444 0
0.7555778 -0.3090173 0
0.623351 -0.254939 0
0.4533461 -0.1854102 0
0.2455625 -0.1004305 0
0 0 0
0.906693 -0.3708207 0
0.8500248 -0.3476444 0
0.7555778 -0.3090173 0
0.623351 -0.254939 0
0.4533461 -0.1854102 0
0.2455625 -0.1004305 0
0.9285065 -0.371316 0
0 0 0
0.9095575 -0.3637382 0
0.8527102 -0.3410046 0
0.7579649000000001 -0.3031153 0
0.6253203000000001 -0.2500698 0
0.4547783 -0.1818689 0
0.2463382 -0.09851233 0
0 0 0
0.9095575 -0.3637382 0
0.8527102 -0.3410046 0
0.7579649000000001 -0.3031153 0
0.6253203000000001 -0.2500698 0
0.4547783 -0.1818689 0
0.2463382 -0.09851233 0
0.9314126 -0.3639652 0
0 0 0
0.9124042 -0.3565373 0
0.855379 -0.3342538 0
0.7603371 -0.2971146 0
0.6272774 -0.2451192 0
0.4562017 -0.1782685 0
0.2471092 -0.0965621 0
0 0 0
0.9124042 -0.3565373 0
0.855379 -0.3342538 0
0.7603371 -0.2971146 0
0.6272774 -0.2451192 0
0.4562017 -0.1782685 0
0.2471092 -0.0965621 0
0.9342975 -0.3564942 0
0 0 0
0.9152303000000001 -0.3492188 0
0.8580285 -0.3273927 0
0.7626922 -0.2910158 0
0.6292203 -0.2400878 0
0.4576147 -0.1746093 0
0.2478746 -0.09458001000000001 0
0 0 0
0.9152303000000001 -0.3492188 0
0.8580285 -0.3273927 0
0.7626922 -0.2910158 0
0.6292203 -0.2400878 0
0.4576147 -0.1746093 0
0.2478746 -0.09458001000000001 0
0.9371602999999999 -0.3488991 0
0 0 0
0.9180346 -0.3417788 0
0.8606576 -0.3204176 0
0.7650291 -0.2848157 0
0.6311483 -0.2349727 0
0.4590169 -0.1708892 0
0.2486341 -0.09256499 0
0 0 0
0.9180346 -0.3417788 0
0.8606576 -0.3204176 0
0.7650291 -0.2848157 0
0.6311483 -0.2349727 0
0.4590169 -0.1708892 0
0.2486341 -0.09256499 0
0.9399983 -0.341179 0
0 0 0
0.9208147 -0.3342162 0
0.8632639 -0.3133277 0
0.7673459 -0.2785136 0
0.6330597 -0.2297734 0
0.460407 -0.1671079 0
0.2493871 -0.09051679 0
0 0 0
0.9208147 -0.3342162 0
0.8632639 -0.3133277 0
0.7673459 -0.2785136 0
0.6330597 -0.2297734 0
0.460407 -0.1671079 0
0.2493871 -0.09051679 0
0.9428087000000001 -0.3333343 0
0 0 0
0.9235677 -0.3265316 0
0.8658449 -0.3061234 0
0.7696401 -0.2721098 0
0.6349523 -0.2244903 0
0.4617835 -0.1632657 0
0.2501327 -0.08843556 0
0 0 0
0.9235677 -0.3265316 0
0.8658449 -0.3061234 0
0.7696401 -0.2721098 0
0.6349523 -0.2244903 0
0.4617835 -0.1632657 0
0.2501327 -0.08843556 0
0.9455893 -0.3253625 0
0 0 0
0.9262916 -0.3187225 0
0.8683985 -0.2988024 0
0.77191 -0.2656022 0
0.636825 -0.2191216 0
0.4631454 -0.1593611 0
0.2508704 -0.08632059 0
0 0 0
0.9262916 -0.3187225 0
0.8683985 -0.2988024 0
0.77191 -0.2656022 0
0.636825 -0.2191216 0
0.4631454 -0.1593611 0
0.2508704 -0.08632059 0
0.9483371 -0.3172644 0
0 0 0
0.9289833 -0.3107896 0
0.870922 -0.2913653 0
0.7741531 -0.2589915 0
0.6386756 -0.2136677 0
0.4644913 -0.1553947 0
0.2515994 -0.08417210999999999 0
0 0 0
0.9289833 -0.3107896 0
0.870922 -0.2913653 0
0.7741531 -0.2589915 0
0.6386756 -0.2136677 0
0.4644913 -0.1553947 0
0.2515994 -0.08417210999999999 0
0.9510502 -0.3090363 0
0 0 0
0.9316411 -0.3027294 0
0.8734136 -0.2838089 0
0.7763679 -0.2522746 0
0.6405028 -0.2081263 0
0.4658201 -0.1513646 0
0.2523192 -0.08198914 0
0 0 0
0.9316411 -0.3027294 0
0.8734136 -0.2838089 0
0.7763679 -0.2522746 0
0.6405028 -0.2081263 0
0.4658201 -0.1513646 0
0.2523192 -0.08198914 0
0.9537253999999999 -0.3006791 0
0 0 0
0.9342616 -0.2945428 0
0.8758704 -0.2761339 0
0.7785517 -0.2454525 0
0.6423044 -0.202498 0
0.4671304 -0.1472713 0
0.2530289 -0.07977194 0
0 0 0
0.9342616 -0.2945428 0
0.8758704 -0.2761339 0
0.7785517 -0.2454525 0
0.6423044 -0.202498 0
0.4671304 -0.1472713 0
0.2530289 -0.07977194 0
0.9563595 -0.2921927 0
0 0 0
0.936842 -0.2862296 0
0.8782894999999999 -0.2683403 0
0.780702 -0.2385247 0
0.6440784000000001 -0.1967827 0
0.4684206 -0.1431147 0
0.2537278 -0.07752043 0
0 0 0
0.936842 -0.2862296 0
0.8782894999999999 -0.2683403 0
0.780702 -0.2385247 0
0.6440784000000001 -0.1967827 0
0.4684206 -0.1431147 0
0.2537278 -0.07752043 0
0.9589503 -0.283574 0
0 0 0
0.93938 -0.2777868 0
0.8806688 -0.2604252 0
0.782817 -0.2314891 0
0.6458232 -0.1909783 0
0.4696896 -0.1388933 0
0.2544152 -0.07523386 0
0 0 0
0.93938 -0.2777868 0
0.8806688 -0.2604252 0
0.782817 -0.2314891 0
0.6458232 -0.1909783 0
0.4696896 -0.1388933 0
0.2544152 -0.07523386 0
0.9614941 -0.2748255 0
0 0 0
0.9418718 -0.2692168 0
0.883005 -0.2523908 0
0.7848935 -0.2243474 0
0.6475364 -0.1850864 0
0.4709355 -0.1346083 0
0.25509 -0.07291280999999999 0
0 0 0
0.9418718 -0.2692168 0
0.883005 -0.2523908 0
0.7848935 -0.2243474 0
0.6475364 -0.1850864 0
0.4709355 -0.1346083 0
0.25509 -0.07291280999999999 0
0.9639881 -0.2659453 0
0 0 0
0.9443149 -0.2605178 0
0.8852954 -0.2442355 0
0.7869294 -0.2170983 0
0.649216 -0.1791059 0
0.4721571 -0.1302588 0
0.2557517 -0.07055684 0
0 0 0
0.9443149 -0.2605178 0
0.8852954 -0.2442355 0
0.7869294 -0.2170983 0
0.649216 -0.1791059 0
0.4721571 -0.1302588 0
0.2557517 -0.07055684 0
0.966429 -0.2569337 0
0 0 0
0.946706 -0.2516901 0
0.887537 -0.2359595 0
0.788922 -0.2097419 0
0.6508599 -0.1730368 0
0.4733526 -0.1258449 0
0.2563993 -0.06816601 0
0 0 0
0.946706 -0.2516901 0
0.887537 -0.2359595 0
0.788922 -0.2097419 0
0.6508599 -0.1730368 0
0.4733526 -0.1258449 0
0.2563993 -0.06816601 0
0.9688137999999999 -0.2477897 0
0 0 0
0.9490421999999999 -0.2427328 0
0.8897272000000001 -0.227562 0
0.7908688 -0.2022774 0
0.652466 -0.1668787 0
0.4745207 -0.1213663 0
0.257032 -0.06574007 0
0 0 0
0.9490421999999999 -0.2427328 0
0.8897272000000001 -0.227562 0
0.7908688 -0.2022774 0
0.652466 -0.1668787 0
0.4745207 -0.1213663 0
0.257032 -0.06574007 0
0.9711388 -0.2385153 0
0 0 0
0.9513196 -0.2336476 0
0.8918623 -0.2190447 0
0.7927667 -0.1947064 0
0.6540317 -0.1606326 0
0.4756594 -0.1168237 0
0.2576488 -0.0632795 0
0 0 0
0.9513196 -0.2336476 0
0.8918623 -0.2190447 0
0.7927667 -0.1947064 0
0.6540317 -0.1606326 0
0.4756594 -0.1168237 0
0.2576488 -0.0632795 0
0.9734009 -0.2291084 0
0 0 0
0.9535356 -0.2244327 0
0.8939398 -0.2104057 0
0.7946134 -0.1870273 0
0.6555552 -0.1542974 0
0.4767674 -0.1122163 0
0.258249 -0.0607838 0
0 0 0
0.9535356 -0.2244327 0
0.8939398 -0.2104057 0
0.7946134 -0.1870273 0
0.6555552 -0.1542974 0
0.4767674 -0.1122163 0
0.258249 -0.0607838 0
0.9755965 -0.2195712 0
0 0 0
0.9556864 -0.2150902 0
0.8959561 -0.2016471 0
0.7964056 -0.1792419 0
0.6570338999999999 -0.1478744 0
0.4778428 -0.107545 0
0.2588315 -0.05825354 0
0 0 0
0.9556864 -0.2150902 0
0.8959561 -0.2016471 0
0.7964056 -0.1792419 0
0.6570338999999999 -0.1478744 0
0.4778428 -0.107545 0
0.2588315 -0.05825354 0
0.977722 -0.2099042 0
0 0 0
0.9577685 -0.2056204 0
0.8979081 -0.1927692 0
0.7981407 -0.1713504 0
0.6584653 -0.1413639 0
0.4788838 -0.1028101 0
0.2593954 -0.05568881 0
0 0 0
0.9577685 -0.2056204 0
0.8979081 -0.1927692 0
0.7981407 -0.1713504 0
0.6584653 -0.1413639 0
0.4788838 -0.1028101 0
0.2593954 -0.05568881 0
0.9797739 -0.2001077 0
0 0 0
0.9597786 -0.1960238 0
0.8997925 -0.1837724 0
0.7998158 -0.1633533 0
0.6598473 -0.1347663 0
0.4798889 -0.09801182999999999 0
0.2599398 -0.05308974 0
0 0 0
0.9597786 -0.1960238 0
0.8997925 -0.1837724 0
0.7998158 -0.1633533 0
0.6598473 -0.1347663 0
0.4798889 -0.09801182999999999 0
0.2599398 -0.05308974 0
0.9817486 -0.1901834 0
0 0 0
0.9617129 -0.1863021 0
0.901606 -0.1746582 0
0.8014278 -0.1552518 0
0.6611771 -0.1280826 0
0.480856 -0.09315096 0
0.2604637 -0.05045677 0
0 0 0
0.9617129 -0.1863021 0
0.901606 -0.1746582 0
0.8014278 -0.1552518 0
0.6611771 -0.1280826 0
0.480856 -0.09315096 0
0.2604637 -0.05045677 0
0.9836426 -0.1801314 0
0 0 0
0.9635683 -0.1764552 0
0.9033454 -0.1654268 0
0.8029739 -0.1470461 0
0.6624527 -0.1213129 0
0.4817837 -0.08822753 0
0.2609662 -0.04778991 0
0 0 0
0.9635683 -0.1764552 0
0.9033454 -0.1654268 0
0.8029739 -0.1470461 0
0.6624527 -0.1213129 0
0.4817837 -0.08822753 0
0.2609662 -0.04778991 0
0.9854519 -0.1699548 0
0 0 0
0.9653406 -0.1664864 0
0.905007 -0.156081 0
0.8044509 -0.1387387 0
0.6636712 -0.1144593 0
0.4826699 -0.08324311 0
0.2614462 -0.04509001 0
0 0 0
0.9653406 -0.1664864 0
0.905007 -0.156081 0
0.8044509 -0.1387387 0
0.6636712 -0.1144593 0
0.4826699 -0.08324311 0
0.2614462 -0.04509001 0
0.987173 -0.1596544 0
0 0 0
0.9670266 -0.1563962 0
0.9065876 -0.1466214 0
0.8058558 -0.1303302 0
0.6648303 -0.1075223 0
0.4835129 -0.07819801 0
0.2619028 -0.04235725 0
0 0 0
0.9670266 -0.1563962 0
0.9065876 -0.1466214 0
0.8058558 -0.1303302 0
0.6648303 -0.1075223 0
0.4835129 -0.07819801 0
0.2619028 -0.04235725 0
0.9888022 -0.1492322 0
0 0 0
0.9686226 -0.1461867 0
0.9080838 -0.13705 0
0.8071858 -0.1218223 0
0.6659275 -0.1005032 0
0.4843109 -0.07309325999999999 0
0.262335 -0.03959218 0
0 0 0
0.9686226 -0.1461867 0
0.9080838 -0.13705 0
0.8071858 -0.1218223 0
0.6659275 -0.1005032 0
0.4843109 -0.07309325999999999 0
0.262335 -0.03959218 0
0.9903357 -0.1386908 0
0 0 0
0.9701248 -0.1358604 0
0.9094922 -0.1273691 0
0.8084377 -0.113217 0
0.6669603 -0.09340395 0
0.485062 -0.06793014 0
0.2627419 -0.03679549 0
0 0 0
0.9701248 -0.1358604 0
0.9094922 -0.1273691 0
0.8084377 -0.113217 0
0.6669603 -0.09340395 0
0.485062 -0.06793014 0
0.2627419 -0.03679549 0
0.99177 -0.1280324 0
0 0 0
0.9715298 -0.1254195 0
0.9108093 -0.1175808 0
0.8096085 -0.1045163 0
0.6679262 -0.08622587 0
0.4857645 -0.06270972 0
0.2631224 -0.03396776 0
0 0 0
0.9715298 -0.1254195 0
0.9108093 -0.1175808 0
0.8096085 -0.1045163 0
0.6679262 -0.08622587 0
0.4857645 -0.06270972 0
0.2631224 -0.03396776 0
0.9931012 -0.1172602 0
0 0 0
0.9728339 -0.1148671 0
0.9120319 -0.1076879 0
0.8106951999999999 -0.09572263 0
0.6688228000000001 -0.07897107 0
0.4864165 -0.0574335 0
0.2634756 -0.03110981 0
0 0 0
0.9728339 -0.1148671 0
0.9120319 -0.1076879 0
0.8106951999999999 -0.09572263 0
0.6688228000000001 -0.07897107 0
0.4864165 -0.0574335 0
0.2634756 -0.03110981 0
0.994326 -0.1063762 0
0 0 0
0.9740336000000001 -0.1042052 0
0.9131567 -0.09769243 0
0.8116950000000001 -0.08683774 0
0.6696476 -0.07164105 0
0.4870164 -0.05210258 0
0.2638005 -0.02822223 0
0 0 0
0.9740336000000001 -0.1042052 0
0.9131567 -0.09769243 0
0.8116950000000001 -0.08683774 0
0.6696476 -0.07164105 0
0.4870164 -0.05210258 0
0.2638005 -0.02822223 0
0.9954405 -0.09538489999999999 0
0 0 0
0.9751254 -0.09343827 0
0.9141802 -0.08759839 0
0.8126048 -0.07786526000000001 0
0.6703982000000001 -0.06423876000000001 0
0.4875623 -0.0467191 0
0.2640962 -0.02530617 0
0 0 0
0.9751254 -0.09343827 0
0.9141802 -0.08759839 0
0.8126048 -0.07786526000000001 0
0.6703982000000001 -0.06423876000000001 0
0.4875623 -0.0467191 0
0.2640962 -0.02530617 0
0.9964414 -0.0842885 0
0 0 0
0.9761059 -0.08256833 0
0.9150994 -0.07740782 0
0.8134219 -0.06880697 0
0.6710723 -0.05676568 0
0.4880525 -0.04128413 0
0.2643618 -0.02236223 0
0 0 0
0.9761059 -0.08256833 0
0.9150994 -0.07740782 0
0.8134219 -0.06880697 0
0.6710723 -0.05676568 0
0.4880525 -0.04128413 0
0.2643618 -0.02236223 0
0.9973252 -0.07309188 0
0 0 0
0.9769717 -0.07160021 0
0.9159111 -0.06712521 0
0.8141434 -0.05966687 0
0.6716675 -0.04922511 0
0.4884854 -0.03580008 0
0.2645962 -0.01939171 0
0 0 0
0.9769717 -0.07160021 0
0.9159111 -0.06712521 0
0.8141434 -0.05966687 0
0.6716675 -0.04922511 0
0.4884854 -0.03580008 0
0.2645962 -0.01939171 0
0.9980887000000001 -0.06179832 0
0 0 0
0.9777195 -0.06053713 0
0.9166122 -0.05675357 0
0.8147666 -0.05044763 0
0.6721817 -0.04161925 0
0.4888593 -0.03026854 0
0.2647988 -0.01639546 0
0 0 0
0.9777195 -0.06053713 0
0.9166122 -0.05675357 0
0.8147666 -0.05044763 0
0.6721817 -0.04161925 0
0.4888593 -0.03026854 0
0.2647988 -0.01639546 0
0.9987285 -0.05041238 0
0 0 0
0.9783463 -0.04938356 0
0.9171998 -0.04629709 0
0.8152889 -0.04115298 0
0.6726126 -0.03395117 0
0.4891727 -0.02469176 0
0.2649685 -0.0133747 0
0 0 0
0.9783463 -0.04938356 0
0.9171998 -0.04629709 0
0.8152889 -0.04115298 0
0.6726126 -0.03395117 0
0.4891727 -0.02469176 0
0.2649685 -0.0133747 0
0.9992416 -0.03893911 0
0 0 0
0.9788489 -0.03814443 0
0.917671 -0.03576041 0
0.8157078 -0.03178704 0
0.6729581 -0.02622428 0
0.489424 -0.0190722 0
0.2651047 -0.01033077 0
0 0 0
0.9788489 -0.03814443 0
0.917671 -0.03576041 0
0.8157078 -0.03178704 0
0.6729581 -0.02622428 0
0.489424 -0.0190722 0
0.2651047 -0.01033077 0
0.999625 -0.02738234 0
0 0 0
0.9792246 -0.02682351 0
0.9180232 -0.02514705 0
0.8160208 -0.02235294 0
0.6732164 -0.01844115 0
0.4896119 -0.01341174 0
0.2652064 -0.007264695 0
0 0 0
0.9792246 -0.02682351 0
0.9180232 -0.02514705 0
0.8160208 -0.02235294 0
0.6732164 -0.01844115 0
0.4896119 -0.01341174 0
0.2652064 -0.007264695 0
0.999876 -0.01574793 0
0 0 0
0.9794704 -0.01542654 0
0.9182536 -0.01446238 0
0.8162257000000001 -0.01285546 0
0.6733854 -0.01060574 0
0.4897348 -0.007713264 0
0.265273 -0.004178018 0
0 0 0
0.9794704 -0.01542654 0
0.9182536 -0.01446238 0
0.8162257000000001 -0.01285546 0
0.6733854 -0.01060574 0
0.4897348 -0.007713264 0
0.265273 -0.004178018 0
0.9999918 -0.004040406 0
0 0 0
0.9795839 -0.003957949 0
0.91836 -0.003710578 0
0.8163202000000001 -0.003298292 0
0.6734634 -0.002721088 0
0.4897915 -0.001978973 0
0.2653037 -0.001071944 0
0 0 0
0.9795839 -0.003957949 0
0.91836 -0.003710578 0
0.8163202000000001 -0.003298292 0
0.6734634 -0.002721088 0
0.4897915 -0.001978973 0
0.2653037 -0.001071944 0
0.9999701 0.007734772 0
0 0 0
0.9795626 0.00757692 0
0.91834 0.007103363 0
0.8163025 0.006314102 0
0.6734488 0.005209128 0
0.4897809 0.003788456 0
0.2652979 0.00205208 0
0 0 0
0.9795626 0.00757692 0
0.91834 0.007103363 0
0.8163025 0.006314102 0
0.6734488 0.005209128 0
0.4897809 0.003788456 0
0.2652979 0.00205208 0
0.9998085 0.0195709 0
0 0 0
0.9794043 0.0191715 0
0.9181916 0.01797328 0
0.8161705 0.01597625 0
0.6733399 0.01318039 0
0.4897017 0.009585740000000001 0
0.2652551 0.005192275 0
0 0 0
0.9794043 0.0191715 0
0.9181916 0.01797328 0
0.8161705 0.01597625 0
0.6733399 0.01318039 0
0.4897017 0.009585740000000001 0
0.2652551 0.005192275 0
0.9995049 0.03146278 0
0 0 0
0.9791069 0.03082068 0
0.9179128 0.02889439 0
0.8159227999999999 0.02568391 0
0.6731355 0.0211892 0
0.489553 0.01541033 0
0.2651745 0.00834726 0
0 0 0
0.9791069 0.03082068 0
0.9179128 0.02889439 0
0.8159227999999999 0.02568391 0
0.6731355 0.0211892 0
0.489553 0.01541033 0
0.2651745 0.00834726 0
0.9990576 0.04340461 0
0 0 0
0.9786686999999999 0.0425188 0
0.917502 0.03986138 0
0.8155576 0.03543235 0
0.6728342 0.02923165 0
0.4893339 0.02125938 0
0.2650558 0.0115155 0
0 0 0
0.9786686999999999 0.0425188 0
0.917502 0.03986138 0
0.8155576 0.03543235 0
0.6728342 0.02923165 0
0.4893339 0.02125938 0
0.2650558 0.0115155 0
0.9984648 0.05538931 0
0 0 0
0.978088 0.05425892 0
0.9169577 0.05086774 0
0.8150737 0.04521578 0
0.672435 0.03730298 0
0.4890436 0.02712944 0
0.2648986 0.01469511 0
0 0 0
0.978088 0.05425892 0
0.9169577 0.05086774 0
0.8150737 0.04521578 0
0.672435 0.03730298 0
0.4890436 0.02712944 0
0.2648986 0.01469511 0
0.9977253 0.06741067000000001 0
0 0 0
0.9773636 0.06603495 0
0.9162785 0.06190777 0
0.81447 0.05502915 0
0.671937 0.04539899 0
0.4886814 0.03301745 0
0.2647024 0.01788445 0
0 0 0
0.9773636 0.06603495 0
0.9162785 0.06190777 0
0.81447 0.05502915 0
0.671937 0.04539899 0
0.4886814 0.03301745 0
0.2647024 0.01788445 0
0.9968379000000001 0.07946224 0
0 0 0
0.9764943 0.07784056 0
0.9154635 0.07297554000000001 0
0.8137456 0.06486715999999999 0
0.6713393 0.05351534 0
0.4882467 0.03892025 0
0.2644669 0.0210818 0
0 0 0
0.9764943 0.07784056 0
0.9154635 0.07297554000000001 0
0.8137456 0.06486715999999999 0
0.6713393 0.05351534 0
0.4882467 0.03892025 0
0.2644669 0.0210818 0
0.9958016 0.09153815999999999 0
0 0 0
0.9754791 0.08967003 0
0.9145118 0.08406567 0
0.8128996000000001 0.07472506 0
0.6706414000000001 0.0616481 0
0.4877391 0.04483498 0
0.264192 0.02428561 0
0 0 0
0.9754791 0.08967003 0
0.9145118 0.08406567 0
0.8128996000000001 0.07472506 0
0.6706414000000001 0.0616481 0
0.4877391 0.04483498 0
0.264192 0.02428561 0
0.9946159 0.1036304 0
0 0 0
0.9743176 0.1015155 0
0.9134229 0.0951708 0
0.8119317 0.08459629 0
0.6698429 0.06979186 0
0.4871584 0.05075771 0
0.2638774 0.02749376 0
0 0 0
0.9743176 0.1015155 0
0.9134229 0.0951708 0
0.8119317 0.08459629 0
0.6698429 0.06979186 0
0.4871584 0.05075771 0
0.2638774 0.02749376 0
0.9932805 0.1157319 0
0 0 0
0.9730095 0.11337 0
0.9121965 0.1062844 0
0.8108416000000001 0.09447504 0
0.6689435 0.07794181999999999 0
0.4865043 0.05668495 0
0.2635232 0.03070435 0
0 0 0
0.9730095 0.11337 0
0.9121965 0.1062844 0
0.8108416000000001 0.09447504 0
0.6689435 0.07794181999999999 0
0.4865043 0.05668495 0
0.2635232 0.03070435 0
0.9917951 0.1278374 0
0 0 0
0.9715545 0.1252285 0
0.9108324 0.1174017 0
0.8096291 0.1043571 0
0.6679432 0.08609449 0
0.4857768 0.06261417 0
0.2631291 0.03391601 0
0 0 0
0.9715545 0.1252285 0
0.9108324 0.1174017 0
0.8096291 0.1043571 0
0.6679432 0.08609449 0
0.4857768 0.06261417 0
0.2631291 0.03391601 0
0.9901603 0.1399376 0
0 0 0
0.969953 0.1370817 0
0.9093310999999999 0.1285142 0
0.8082945 0.1142348 0
0.6668422000000001 0.09424362999999999 0
0.4849761 0.06854080999999999 0
0.2626954 0.03712627 0
0 0 0
0.969953 0.1370817 0
0.9093310999999999 0.1285142 0
0.8082945 0.1142348 0
0.6668422000000001 0.09424362999999999 0
0.4849761 0.06854080999999999 0
0.2626954 0.03712627 0
0.9883762 0.1520281 0
0 0 0
0.9682053 0.1489255 0
0.9076926 0.1396176 0
0.8068381 0.1241046 0
0.6656406 0.1023862 0
0.4841022 0.07446266 0
0.262222 0.04033394 0
0 0 0
0.9682053 0.1489255 0
0.9076926 0.1396176 0
0.8068381 0.1241046 0
0.6656406 0.1023862 0
0.4841022 0.07446266 0
0.262222 0.04033394 0
0.9864439 0.1640991 0
0 0 0
0.9663124 0.1607501 0
0.905918 0.1507033 0
0.8052607000000001 0.1339585 0
0.6643393 0.1105156 0
0.4831558 0.080375 0
0.2617094 0.04353645 0
0 0 0
0.9663124 0.1607501 0
0.905918 0.1507033 0
0.8052607000000001 0.1339585 0
0.6643393 0.1105156 0
0.4831558 0.080375 0
0.2617094 0.04353645 0
0.9843641 0.1761457 0
0 0 0
0.9642751000000001 0.1725509 0
0.904008 0.1617665 0
0.8035629 0.1437925 0
0.6629386 0.1186287 0
0.4821371 0.08627538 0
0.2611576 0.04673249 0
0 0 0
0.9642751000000001 0.1725509 0
0.904008 0.1617665 0
0.8035629 0.1437925 0
0.6629386 0.1186287 0
0.4821371 0.08627538 0
0.2611576 0.04673249 0
0.9821384 0.1881602 0
0 0 0
0.9620948 0.1843202 0
0.901964 0.1728002 0
0.801746 0.1536002 0
0.6614396 0.12672 0
0.481047 0.09216001 0
0.2605671 0.04992 0
0 0 0
0.9620948 0.1843202 0
0.901964 0.1728002 0
0.801746 0.1536002 0
0.6614396 0.12672 0
0.481047 0.09216001 0
0.2605671 0.04992 0
0.9797682 0.2001356 0
0 0 0
0.959773 0.1960512 0
0.8997873 0.183798 0
0.7998111 0.1633761 0
0.6598434 0.1347851 0
0.4798861 0.09802551 0
0.2599383 0.05309714 0
0 0 0
0.959773 0.1960512 0
0.8997873 0.183798 0
0.7998111 0.1633761 0
0.6598434 0.1347851 0
0.4798861 0.09802551 0
0.2599383 0.05309714 0
0.9772555000000001 0.2120655 0
0 0 0
0.9573115 0.2077377 0
0.8974797 0.1947541 0
0.7977599 0.1731148 0
0.6581512 0.1428195 0
0.4786553 0.1038687 0
0.2592716 0.05626223 0
0 0 0
0.9573115 0.2077377 0
0.8974797 0.1947541 0
0.7977599 0.1731148 0
0.6581512 0.1428195 0
0.4786553 0.1038687 0
0.2592716 0.05626223 0
0.9746022 0.2239432 0
0 0 0
0.9547124 0.219373 0
0.895043 0.2056622 0
0.795594 0.1828109 0
0.6563643 0.1508188 0
0.4773558 0.1096864 0
0.2585677 0.05941345 0
0 0 0
0.9547124 0.219373 0
0.895043 0.2056622 0
0.795594 0.1828109 0
0.6563643 0.1508188 0
0.4773558 0.1096864 0
0.2585677 0.05941345 0
0.9718109 0.2357618 0
0 0 0
0.951978 0.2309503 0
0.8924795 0.216516 0
0.7933154 0.1924587 0
0.6544844 0.1587782 0
0.4759886 0.1154751 0
0.2578271 0.06254899 0
0 0 0
0.951978 0.2309503 0
0.8924795 0.216516 0
0.7933154 0.1924587 0
0.6544844 0.1587782 0
0.4759886 0.1154751 0
0.2578271 0.06254899 0
0.9688841 0.247515 0
0 0 0
0.949111 0.2424637 0
0.8897916 0.2273097 0
0.7909261 0.2020531 0
0.6525133 0.1666936 0
0.4745551 0.1212317 0
0.2570506 0.06566718000000001 0
0 0 0
0.949111 0.2424637 0
0.8897916 0.2273097 0
0.7909261 0.2020531 0
0.6525133 0.1666936 0
0.4745551 0.1212317 0
0.2570506 0.06566718000000001 0
0.9658246 0.2591964 0
0 0 0
0.946114 0.2539067 0
0.886982 0.2380375 0
0.7884286 0.211589 0
0.6504529 0.1745607 0
0.4730566 0.1269532 0
0.256239 0.06876633 0
0 0 0
0.946114 0.2539067 0
0.886982 0.2380375 0
0.7884286 0.211589 0
0.6504529 0.1745607 0
0.4730566 0.1269532 0
0.256239 0.06876633 0
0.9626352 0.2708015 0
0 0 0
0.9429896 0.2652749 0
0.8840529 0.2486953 0
0.785825 0.2210625 0
0.6483049 0.1823764 0
0.4714944 0.1326374 0
0.2553928 0.07184523 0
0 0 0
0.9429896 0.2652749 0
0.8840529 0.2486953 0
0.785825 0.2210625 0
0.6483049 0.1823764 0
0.4714944 0.1326374 0
0.2553928 0.07184523 0
0.9593197999999999 0.2823218 0
0 0 0
0.9397419 0.2765601 0
0.8810081 0.2592751 0
0.7831185000000001 0.2304669 0
0.646072 0.1901349 0
0.4698705 0.1382799 0
0.2545132 0.07490162 0
0 0 0
0.9397419 0.2765601 0
0.8810081 0.2592751 0
0.7831185000000001 0.2304669 0
0.646072 0.1901349 0
0.4698705 0.1382799 0
0.2545132 0.07490162 0
0.9558809 0.2937545 0
0 0 0
0.9363732 0.2877595 0
0.87785 0.2697746 0
0.7803113 0.2397997 0
0.6437561000000001 0.1978345 0
0.4681862 0.1438796 0
0.2536008 0.07793479 0
0 0 0
0.9363732 0.2877595 0
0.87785 0.2697746 0
0.7803113 0.2397997 0
0.6437561000000001 0.1978345 0
0.4681862 0.1438796 0
0.2536008 0.07793479 0
0.9523229 0.3050919 0
0 0 0
0.9328878 0.2988656 0
0.8745824 0.2801865 0
0.7774068 0.2490547 0
0.6413599 0.2054699 0
0.4664435 0.1494327 0
0.2526569 0.08094268 0
0 0 0
0.9328878 0.2988656 0
0.8745824 0.2801865 0
0.7774068 0.2490547 0
0.6413599 0.2054699 0
0.4664435 0.1494327 0
0.2526569 0.08094268 0
0.9486492 0.3163301 0
0 0 0
0.929289 0.3098744 0
0.8712086 0.2905073 0
0.7744078 0.2582288 0
0.6388857 0.2130385 0
0.4646441 0.1549371 0
0.2516822 0.08392423 0
0 0 0
0.929289 0.3098744 0
0.8712086 0.2905073 0
0.7744078 0.2582288 0
0.6388857 0.2130385 0
0.4646441 0.1549371 0
0.2516822 0.08392423 0
0.9448636 0.3274641 0
0 0 0
0.9255807 0.3207812 0
0.8677321 0.3007324 0
0.7713176 0.2673177 0
0.6363363 0.2205369 0
0.46279 0.1603904 0
0.2506779 0.08687815 0
0 0 0
0.9255807 0.3207812 0
0.8677321 0.3007324 0
0.7713176 0.2673177 0
0.6363363 0.2205369 0
0.46279 0.1603904 0
0.2506779 0.08687815 0
0.9409703 0.3384892 0
0 0 0
0.9217668999999999 0.3315812 0
0.8641565 0.3108575 0
0.7681394 0.2763178 0
0.6337142 0.2279619 0
0.460883 0.1657905 0
0.2496449 0.08980316000000001 0
0 0 0
0.9217668999999999 0.3315812 0
0.8641565 0.3108575 0
0.7681394 0.2763178 0
0.6337142 0.2279619 0
0.460883 0.1657905 0
0.2496449 0.08980316000000001 0
0.9369734 0.3494007 0
0 0 0
0.9178515 0.3422701 0
0.8604859 0.3208783 0
0.7648766 0.2852252 0
0.6310224 0.2353105 0
0.4589254 0.1711349 0
0.2485845 0.09269806999999999 0
0 0 0
0.9178515 0.3422701 0
0.8604859 0.3208783 0
0.7648766 0.2852252 0
0.6310224 0.2353105 0
0.4589254 0.1711349 0
0.2485845 0.09269806999999999 0
0.9328771 0.3601949 0
0 0 0
0.9138388 0.352844 0
0.856724 0.3307913 0
0.7615326 0.2940368 0
0.6282637 0.2425801 0
0.456919 0.1764218 0
0.2474978 0.09556183 0
0 0 0
0.9138388 0.352844 0
0.856724 0.3307913 0
0.7615326 0.2940368 0
0.6282637 0.2425801 0
0.456919 0.1764218 0
0.2474978 0.09556183 0
0.9286856999999999 0.3708678 0
0 0 0
0.9097329 0.3632991 0
0.8528748 0.3405929 0
0.7581111 0.3027494 0
0.6254409 0.2497679 0
0.4548661 0.1816494 0
0.2463858 0.09839340000000001 0
0 0 0
0.9097329 0.3632991 0
0.8528748 0.3405929 0
0.7581111 0.3027494 0
0.6254409 0.2497679 0
0.4548661 0.1816494 0
0.2463858 0.09839340000000001 0
0.9244035 0.3814161 0
0 0 0
0.9055381 0.3736321 0
0.8489421 0.3502802 0
0.7546154 0.3113602 0
0.622557 0.2568719 0
0.4527687 0.1868159 0
0.2452497 0.1011919 0
0 0 0
0.9055381 0.3736321 0
0.8489421 0.3502802 0
0.7546154 0.3113602 0
0.622557 0.2568719 0
0.4527687 0.1868159 0
0.2452497 0.1011919 0
0.9200346 0.391837 0
0 0 0
0.9012585 0.3838404 0
0.8449299 0.3598504 0
0.751049 0.3198671 0
0.6196147 0.26389 0
0.4506288 0.19192 0
0.2440906 0.1039567 0
0 0 0
0.9012585 0.3838404 0
0.8449299 0.3598504 0
0.751049 0.3198671 0
0.6196147 0.26389 0
0.4506288 0.19192 0
0.2440906 0.1039567 0
0.9155844 0.4021259 0
0 0 0
0.896899 0.3939192 0
0.840843 0.3692993 0
0.7474162 0.3282662 0
0.6166176 0.2708193 0
0.4484491 0.1969595 0
0.2429099 0.1066864 0
0 0 0
0.896899 0.3939192 0
0.840843 0.3692993 0
0.7474162 0.3282662 0
0.6166176 0.2708193 0
0.4484491 0.1969595 0
0.2429099 0.1066864 0
0.9110563 0.412282 0
0 0 0
0.8924634 0.4038681 0
0.8366845000000001 0.3786264 0
0.7437198 0.3365569 0
0.6135680999999999 0.2776591 0
0.4462313 0.2019339 0
0.2417086 0.1093808 0
0 0 0
0.8924634 0.4038681 0
0.8366845000000001 0.3786264 0
0.7437198 0.3365569 0
0.6135680999999999 0.2776591 0
0.4462313 0.2019339 0
0.2417086 0.1093808 0
0.9064555 0.4223014 0
0 0 0
0.8879564 0.413683 0
0.8324593 0.3878279 0
0.739964 0.344736 0
0.6104695999999999 0.2844069 0
0.4439778 0.2068413 0
0.240488 0.112039 0
0 0 0
0.8879564 0.413683 0
0.8324593 0.3878279 0
0.739964 0.344736 0
0.6104695999999999 0.2844069 0
0.4439778 0.2068413 0
0.240488 0.112039 0
0.9017857 0.4321834 0
0 0 0
0.883382 0.4233634 0
0.8281707 0.3969032 0
0.7361519 0.3528029 0
0.6073246 0.2910621 0
0.4416906 0.2116815 0
0.2392491 0.1146608 0
0 0 0
0.883382 0.4233634 0
0.8281707 0.3969032 0
0.7361519 0.3528029 0
0.6073246 0.2910621 0
0.4416906 0.2116815 0
0.2392491 0.1146608 0
0.8970523 0.4419243 0
0 0 0
0.8787452 0.4329055 0
0.8238237 0.4058489 0
0.732288 0.3607547 0
0.6041368 0.2976223 0
0.4393722 0.2164525 0
0.2379933 0.1172451 0
0 0 0
0.8787452 0.4329055 0
0.8238237 0.4058489 0
0.732288 0.3607547 0
0.6041368 0.2976223 0
0.4393722 0.2164525 0
0.2379933 0.1172451 0
0.8922586 0.4515247 0
0 0 0
0.8740493 0.4423099 0
0.8194213 0.4146656 0
0.7283747 0.3685918 0
0.6009084 0.3040878 0
0.4370243 0.2211548 0
0.2367215 0.1197922 0
0 0 0
0.8740493 0.4423099 0
0.8194213 0.4146656 0
0.7283747 0.3685918 0
0.6009084 0.3040878 0
0.4370243 0.2211548 0
0.2367215 0.1197922 0
0.8874097 0.4609816 0
0 0 0
0.8692993 0.4515738 0
0.8149683 0.4233505 0
0.7244164 0.3763116 0
0.5976428 0.3104567 0
0.4346493 0.2257867 0
0.235435 0.1223011 0
0 0 0
0.8692993 0.4515738 0
0.8149683 0.4233505 0
0.7244164 0.3763116 0
0.5976428 0.3104567 0
0.4346493 0.2257867 0
0.235435 0.1223011 0
0.8825098 0.4702941 0
0 0 0
0.8644994 0.4606963 0
0.8104683 0.4319028 0
0.7204164 0.3839137 0
0.5943429 0.3167284 0
0.4322493 0.2303479 0
0.234135 0.1247718 0
0 0 0
0.8644994 0.4606963 0
0.8104683 0.4319028 0
0.7204164 0.3839137 0
0.5943429 0.3167284 0
0.4322493 0.2303479 0
0.234135 0.1247718 0
0.8775626 0.4794621 0
0 0 0
0.8596532 0.4696771 0
0.805925 0.4403224 0
0.716378 0.3913978 0
0.5910111 0.3229028 0
0.4298262 0.2348384 0
0.2328225 0.1272041 0
0 0 0
0.8596532 0.4696771 0
0.805925 0.4403224 0
0.716378 0.3913978 0
0.5910111 0.3229028 0
0.4298262 0.2348384 0
0.2328225 0.1272041 0
0.8725729 0.4884838 0
0 0 0
0.8547654 0.4785148 0
0.8013426 0.4486077 0
0.7123048 0.3987625 0
0.5876507 0.3289787 0
0.4273823 0.2392572 0
0.2314987 0.1295976 0
0 0 0
0.8547654 0.4785148 0
0.8013426 0.4486077 0
0.7123048 0.3987625 0
0.5876507 0.3289787 0
0.4273823 0.2392572 0
0.2314987 0.1295976 0
0.8675442 0.4973602 0
0 0 0
0.8498392 0.48721 0
0.7967244 0.4567594 0
0.7081996 0.4060085 0
0.584264 0.3349566 0
0.4249192 0.2436048 0
0.2301646 0.1319526 0
0 0 0
0.8498392 0.48721 0
0.7967244 0.4567594 0
0.7081996 0.4060085 0
0.584264 0.3349566 0
0.4249192 0.2436048 0
0.2301646 0.1319526 0
0.8624810000000001 0.5060895 0
0 0 0
0.8448793999999999 0.4957611 0
0.7920745 0.4647761 0
0.7040664 0.4131345 0
0.5808541 0.3408355 0
0.4224393 0.2478804 0
0.2288213 0.1342685 0
0 0 0
0.8448793999999999 0.4957611 0
0.7920745 0.4647761 0
0.7040664 0.4131345 0
0.5808541 0.3408355 0
0.4224393 0.2478804 0
0.2288213 0.1342685 0
0.8573865000000001 0.514673 0
0 0 0
0.8398889 0.5041695 0
0.7873959 0.472659 0
0.6999077 0.4201415 0
0.5774232 0.3466163 0
0.4199441 0.2520845 0
0.2274697 0.1365458 0
0 0 0
0.8398889 0.5041695 0
0.7873959 0.472659 0
0.6999077 0.4201415 0
0.5774232 0.3466163 0
0.4199441 0.2520845 0
0.2274697 0.1365458 0
0.8522649 0.5231104 0
0 0 0
0.8348718000000001 0.5124347 0
0.7826924 0.4804076 0
0.6957268 0.4270291 0
0.5739739 0.3522986 0
0.4174355 0.2562171 0
0.2261109 0.1387843 0
0 0 0
0.8348718000000001 0.5124347 0
0.7826924 0.4804076 0
0.6957268 0.4270291 0
0.5739739 0.3522986 0
0.4174355 0.2562171 0
0.2261109 0.1387843 0
0.8471197 0.5314021 0
0 0 0
0.8298316 0.5205571 0
0.7779672 0.4880224 0
0.6915266 0.4337978 0
0.5705088 0.3578828 0
0.4149154 0.2602783 0
0.2247458 0.1409841 0
0 0 0
0.8298316 0.5205571 0
0.7779672 0.4880224 0
0.6915266 0.4337978 0
0.5705088 0.3578828 0
0.4149154 0.2602783 0
0.2247458 0.1409841 0
0.8419545000000001 0.5395485 0
0 0 0
0.8247718000000001 0.5285373 0
0.7732237 0.4955038 0
0.6873101 0.4404479 0
0.5670302 0.3633691 0
0.4123855 0.2642684 0
0.2233755 0.1431454 0
0 0 0
0.8247718000000001 0.5285373 0
0.7732237 0.4955038 0
0.6873101 0.4404479 0
0.5670302 0.3633691 0
0.4123855 0.2642684 0
0.2233755 0.1431454 0
0.8367726 0.5475506 0
0 0 0
0.8196956 0.5363761 0
0.7684647 0.5028527 0
0.68308 0.4469803 0
0.5635403 0.3687583 0
0.4098475 0.2681878 0
0.2220007 0.1452684 0
0 0 0
0.8196956 0.5363761 0
0.7684647 0.5028527 0
0.68308 0.4469803 0
0.5635403 0.3687583 0
0.4098475 0.2681878 0
0.2220007 0.1452684 0
0.8315776 0.5554085 0
0 0 0
0.8146067 0.5440737 0
0.7636939 0.5100692 0
0.6788392 0.4533949 0
0.5600417 0.3740504 0
0.407303 0.2720366 0
0.2206224 0.1473532 0
0 0 0
0.8146067 0.5440737 0
0.7636939 0.5100692 0
0.6788392 0.4533949 0
0.5600417 0.3740504 0
0.407303 0.2720366 0
0.2206224 0.1473532 0
0.8263718 0.5631249 0
0 0 0
0.8095071 0.5516326 0
0.7589129999999999 0.5171556 0
0.6745895 0.459694 0
0.5565357 0.3792471 0
0.4047532 0.2758161 0
0.2192413 0.1494004 0
0 0 0
0.8095071 0.5516326 0
0.7589129999999999 0.5171556 0
0.6745895 0.459694 0
0.5565357 0.3792471 0
0.4047532 0.2758161 0
0.2192413 0.1494004 0
0.8211598 0.5706983 0
0 0 0
0.8044015 0.5590514 0
0.7541265 0.5241107 0
0.6703349 0.4658763 0
0.5530256 0.3843475 0
0.4022004 0.2795254 0
0.2178585 0.1514096 0
0 0 0
0.8044015 0.5590514 0
0.7541265 0.5241107 0
0.6703349 0.4658763 0
0.5530256 0.3843475 0
0.4022004 0.2795254 0
0.2178585 0.1514096 0
0.8159433 0.5781319 0
0 0 0
0.7992914 0.5663333 0
0.7493358 0.5309376 0
0.6660765 0.4719446 0
0.5495124 0.3893539 0
0.3996454 0.2831664 0
0.2164746 0.1533818 0
0 0 0
0.7992914 0.5663333 0
0.7493358 0.5309376 0
0.6660765 0.4719446 0
0.5495124 0.3893539 0
0.3996454 0.2831664 0
0.2164746 0.1533818 0
0.8107254 0.5854266 0
0 0 0
0.79418 0.5734792 0
0.7445439 0.5376368 0
0.6618169 0.4778995 0
0.5459983 0.3942666 0
0.3970897 0.2867393 0
0.2150902 0.1553171 0
0 0 0
0.79418 0.5734792 0
0.7445439 0.5376368 0
0.6618169 0.4778995 0
0.5459983 0.3942666 0
0.3970897 0.2867393 0
0.2150902 0.1553171 0
0.8055094 0.5925829 0
0 0 0
0.7890705 0.5804894 0
0.7397537 0.5442089 0
0.657559 0.4837414 0
0.5424856 0.3990862 0
0.3945349 0.2902445 0
0.2137064 0.1572157 0
0 0 0
0.7890705 0.5804894 0
0.7397537 0.5442089 0
0.657559 0.4837414 0
0.5424856 0.3990862 0
0.3945349 0.2902445 0
0.2137064 0.1572157 0
0.8002961 0.5996050000000001 0
0 0 0
0.7839636 0.5873682 0
0.7349658999999999 0.5506577 0
0.6533032 0.4894737 0
0.5389745 0.4038153 0
0.3919814 0.2936838 0
0.2123233 0.1590787 0
0 0 0
0.7839636 0.5873682 0
0.7349658999999999 0.5506577 0
0.6533032 0.4894737 0
0.5389745 0.4038153 0
0.3919814 0.2936838 0
0.2123233 0.1590787 0
0.7950902 0.6064912 0
0 0 0
0.7788639000000001 0.5941139 0
0.730185 0.5569818 0
0.6490534999999999 0.4950951 0
0.5354685 0.408453 0
0.3894316 0.2970567 0
0.2109421 0.1609057 0
0 0 0
0.7788639000000001 0.5941139 0
0.730185 0.5569818 0
0.6490534999999999 0.4950951 0
0.5354685 0.408453 0
0.3894316 0.2970567 0
0.2109421 0.1609057 0
0.7898934 0.6132441 0
0 0 0
0.7737732 0.600729 0
0.7254125 0.5631834999999999 0
0.6448113 0.5006077 0
0.5319687 0.4130008 0
0.3868863 0.3003642 0
0.2095634 0.1626973 0
0 0 0
0.7737732 0.600729 0
0.7254125 0.5631834999999999 0
0.6448113 0.5006077 0
0.5319687 0.4130008 0
0.3868863 0.3003642 0
0.2095634 0.1626973 0
0.7847064 0.6198676 0
0 0 0
0.768692 0.6072173 0
0.7206489 0.5692663 0
0.640577 0.5060146 0
0.5284754 0.4174615 0
0.3843457 0.3036084 0
0.2081872 0.1644545 0
0 0 0
0.768692 0.6072173 0
0.7206489 0.5692663 0
0.640577 0.5060146 0
0.5284754 0.4174615 0
0.3843457 0.3036084 0
0.2081872 0.1644545 0
0.7795335 0.6263606 0
0 0 0
0.7636247 0.6135777 0
0.7158982 0.5752292 0
0.6363542 0.511315 0
0.5249916 0.4218344 0
0.381812 0.3067886 0
0.2068148 0.1661771 0
0 0 0
0.7636247 0.6135777 0
0.7158982 0.5752292 0
0.6363542 0.511315 0
0.5249916 0.4218344 0
0.381812 0.3067886 0
0.2068148 0.1661771 0
0.7743751 0.6327268 0
0 0 0
0.7585715 0.6198141 0
0.7111609 0.5810758 0
0.6321432 0.5165119 0
0.5215175 0.4261218 0
0.3792854 0.3099068 0
0.2054463 0.1678661 0
0 0 0
0.7585715 0.6198141 0
0.7111609 0.5810758 0
0.6321432 0.5165119 0
0.5215175 0.4261218 0
0.3792854 0.3099068 0
0.2054463 0.1678661 0
0.7692333 0.638968 0
0 0 0
0.7535347 0.6259279 0
0.7064389 0.5868075 0
0.6279458 0.5216068 0
0.5180547 0.4303251 0
0.376767 0.3129637 0
0.2040821 0.169522 0
0 0 0
0.7535347 0.6259279 0
0.7064389 0.5868075 0
0.6279458 0.5216068 0
0.5180547 0.4303251 0
0.376767 0.3129637 0
0.2040821 0.169522 0
0.7641111 0.6450847 0
0 0 0
0.748517 0.6319197 0
0.7017348 0.5924248 0
0.6237644 0.5266 0
0.514605 0.4344445 0
0.3742582 0.3159596 0
0.2027232 0.1711448 0
0 0 0
0.748517 0.6319197 0
0.7017348 0.5924248 0
0.6237644 0.5266 0
0.514605 0.4344445 0
0.3742582 0.3159596 0
0.2027232 0.1711448 0
0.7590082 0.651081 0
0 0 0
0.7435183 0.6377937 0
0.6970485 0.5979317 0
0.6195988 0.5314950000000001 0
0.5111684 0.4384828 0
0.3717588 0.3188966 0
0.2013693 0.1727356 0
0 0 0
0.7435183 0.6377937 0
0.6970485 0.5979317 0
0.6195988 0.5314950000000001 0
0.5111684 0.4384828 0
0.3717588 0.3188966 0
0.2013693 0.1727356 0
0.7539277 0.6569574 0
0 0 0
0.7385415 0.6435501 0
0.6923827 0.6033283 0
0.6154515 0.536292 0
0.5077469 0.4424404 0
0.3692704 0.3217748 0
0.2000215 0.1742947 0
0 0 0
0.7385415 0.6435501 0
0.6923827 0.6033283 0
0.6154515 0.536292 0
0.5077469 0.4424404 0
0.3692704 0.3217748 0
0.2000215 0.1742947 0
0.7488712 0.6627156 0
0 0 0
0.7335882 0.6491908 0
0.687739 0.6086163999999999 0
0.6113237 0.5409925 0
0.5043415 0.4463183 0
0.3667938 0.3245951 0
0.1986799 0.1758223 0
0 0 0
0.7335882 0.6491908 0
0.687739 0.6086163999999999 0
0.6113237 0.5409925 0
0.5043415 0.4463183 0
0.3667938 0.3245951 0
0.1986799 0.1758223 0
0.7438386 0.6683593 0
0 0 0
0.7286582 0.6547194 0
0.6831172 0.6137995000000001 0
0.6072154 0.5455997 0
0.5009521 0.4501192 0
0.3643288 0.3273594 0
0.1973447 0.1773197 0
0 0 0
0.7286582 0.6547194 0
0.6831172 0.6137995000000001 0
0.6072154 0.5455997 0
0.5009521 0.4501192 0
0.3643288 0.3273594 0
0.1973447 0.1773197 0
0.7388321 0.6738895 0
0 0 0
0.723754 0.6601367 0
0.6785194 0.6188782 0
0.6031285 0.5501141000000001 0
0.4975805 0.4538436 0
0.3618767 0.3300681 0
0.1960165 0.1787868 0
0 0 0
0.723754 0.6601367 0
0.6785194 0.6188782 0
0.6031285 0.5501141000000001 0
0.4975805 0.4538436 0
0.3618767 0.3300681 0
0.1960165 0.1787868 0
0.7338541 0.6793071000000001 0
0 0 0
0.7188774999999999 0.6654437 0
0.6739478 0.6238536 0
0.5990648 0.5545367 0
0.4942279 0.4574922 0
0.3594384 0.3327216 0
0.1946958 0.1802242 0
0 0 0
0.7188774999999999 0.6654437 0
0.6739478 0.6238536 0
0.5990648 0.5545367 0
0.4942279 0.4574922 0
0.3594384 0.3327216 0
0.1946958 0.1802242 0
0.7289028 0.6846172 0
0 0 0
0.7140272 0.6706455 0
0.6694006 0.6287302 0
0.5950229 0.5588715 0
0.4908934 0.4610684 0
0.3570133 0.3353224 0
0.1933822 0.181633 0
0 0 0
0.7140272 0.6706455 0
0.6694006 0.6287302 0
0.5950229 0.5588715 0
0.4908934 0.4610684 0
0.3570133 0.3353224 0
0.1933822 0.181633 0
0.7239814 0.6898195 0
0 0 0
0.7092063 0.6757415 0
0.6648810000000001 0.6335078 0
0.5910055 0.5631182 0
0.487579 0.464572 0
0.3546029 0.3378705 0
0.1920765 0.1830132 0
0 0 0
0.7092063 0.6757415 0
0.6648810000000001 0.6335078 0
0.5910055 0.5631182 0
0.487579 0.464572 0
0.3546029 0.3378705 0
0.1920765 0.1830132 0
0.719091 0.6949159 0
0 0 0
0.7044157 0.680734 0
0.6603898 0.6381882 0
0.5870133 0.5672785 0
0.4842854 0.4680042 0
0.3522076 0.3403667 0
0.1907791 0.1843653 0
0 0 0
0.7044157 0.680734 0
0.6603898 0.6381882 0
0.5870133 0.5672785 0
0.4842854 0.4680042 0
0.3522076 0.3403667 0
0.1907791 0.1843653 0
0.7142312 0.6999098 0
0 0 0
0.6996551 0.685626 0
0.6559268 0.6427744 0
0.5830462 0.5713552 0
0.4810125 0.4713675 0
0.3498273 0.3428127 0
0.1894897 0.1856902 0
0 0 0
0.6996551 0.685626 0
0.6559268 0.6427744 0
0.5830462 0.5713552 0
0.4810125 0.4713675 0
0.3498273 0.3428127 0
0.1894897 0.1856902 0
0.709403 0.7048031 0
0 0 0
0.6949254 0.6904194 0
0.6514926 0.6472683 0
0.5791047 0.5753497 0
0.4777608 0.474663 0
0.3474624 0.3452094 0
0.1882088 0.1869884 0
0 0 0
0.6949254 0.6904194 0
0.6514926 0.6472683 0
0.5791047 0.5753497 0
0.4777608 0.474663 0
0.3474624 0.3452094 0
0.1882088 0.1869884 0
0.7046082 0.7095965 0
0 0 0
0.6902285 0.695115 0
0.6470893 0.6516704 0
0.5751906 0.5792627 0
0.4745317 0.4778912 0
0.3451139 0.3475572 0
0.1869367 0.1882601 0
0 0 0
0.6902285 0.695115 0
0.6470893 0.6516704 0
0.5751906 0.5792627 0
0.4745317 0.4778912 0
0.3451139 0.3475572 0
0.1869367 0.1882601 0
0.699847 0.7142927 0
0 0 0
0.6855645 0.6997154 0
0.6427168 0.6559832 0
0.571304 0.5830964 0
0.4713252 0.4810539 0
0.3427819 0.3498574 0
0.1856735 0.1895061 0
0 0 0
0.6855645 0.6997154 0
0.6427168 0.6559832 0
0.571304 0.5830964 0
0.4713252 0.4810539 0
0.3427819 0.3498574 0
0.1856735 0.1895061 0
0.695119 0.7188947 0
0 0 0
0.6809329 0.7042234000000001 0
0.6383747 0.6602096 0
0.5674443 0.5868531 0
0.468141 0.4841532 0
0.3404662 0.3521114 0
0.1844191 0.190727 0
0 0 0
0.6809329 0.7042234000000001 0
0.6383747 0.6602096 0
0.5674443 0.5868531 0
0.468141 0.4841532 0
0.3404662 0.3521114 0
0.1844191 0.190727 0
0.6904255 0.7234035 0
0 0 0
0.6763352 0.7086402000000001 0
0.6340643 0.6643502999999999 0
0.5636129 0.5905337000000001 0
0.4649801 0.4871898 0
0.3381673 0.3543198 0
0.1831739 0.1919232 0
0 0 0
0.6763352 0.7086402000000001 0
0.6340643 0.6643502999999999 0
0.5636129 0.5905337000000001 0
0.4649801 0.4871898 0
0.3381673 0.3543198 0
0.1831739 0.1919232 0
0.6857679 0.7278203 0
0 0 0
0.6717727 0.7129669 0
0.6297869 0.6684065 0
0.5598108000000001 0.5941393 0
0.4618433 0.4901643 0
0.335886 0.3564831 0
0.1819383 0.193095 0
0 0 0
0.6717727 0.7129669 0
0.6297869 0.6684065 0
0.5598108000000001 0.5941393 0
0.4618433 0.4901643 0
0.335886 0.3564831 0
0.1819383 0.193095 0
0.6811455 0.7321481 0
0 0 0
0.6672446 0.7172063 0
0.6255419 0.672381 0
0.5560374 0.5976722 0
0.4587303 0.493079 0
0.333622 0.3586029 0
0.1807119 0.1942432 0
0 0 0
0.6672446 0.7172063 0
0.6255419 0.672381 0
0.5560374 0.5976722 0
0.4587303 0.493079 0
0.333622 0.3586029 0
0.1807119 0.1942432 0
0.6765584 0.736389 0
0 0 0
0.6627511 0.7213607 0
0.6213292 0.6762757 0
0.5522928 0.6011342 0
0.455641 0.4959351 0
0.3313752 0.36068 0
0.1794949 0.1953683 0
0 0 0
0.6627511 0.7213607 0
0.6213292 0.6762757 0
0.5522928 0.6011342 0
0.455641 0.4959351 0
0.3313752 0.36068 0
0.1794949 0.1953683 0
0.6720072 0.7405446 0
0 0 0
0.6582928 0.7254315 0
0.6171496 0.6800921 0
0.5485776 0.6045265 0
0.452576 0.4987338 0
0.3291461 0.3627154 0
0.1782875 0.1964708 0
0 0 0
0.6582928 0.7254315 0
0.6171496 0.6800921 0
0.5485776 0.6045265 0
0.452576 0.4987338 0
0.3291461 0.3627154 0
0.1782875 0.1964708 0
0.6674931 0.7446159999999999 0
0 0 0
0.6538709 0.7294197 0
0.613004 0.6838311 0
0.5448925999999999 0.60785 0
0.4495359 0.5014757 0
0.3269351 0.3647095 0
0.1770899 0.197551 0
0 0 0
0.6538709 0.7294197 0
0.613004 0.6838311 0
0.5448925999999999 0.60785 0
0.4495359 0.5014757 0
0.3269351 0.3647095 0
0.1770899 0.197551 0
0.6630161 0.7486051 0
0 0 0
0.6494852 0.7333275 0
0.6088924999999999 0.6874946 0
0.5412379 0.6111065 0
0.4465207 0.5041623 0
0.3247423 0.3666634 0
0.1759021 0.1986093 0
0 0 0
0.6494852 0.7333275 0
0.6088924999999999 0.6874946 0
0.5412379 0.6111065 0
0.4465207 0.5041623 0
0.3247423 0.3666634 0
0.1759021 0.1986093 0
0.6585749 0.7525152000000001 0
0 0 0
0.6451346 0.7371578 0
0.6048138 0.6910855 0
0.5376124 0.6142984 0
0.4435297 0.5067956 0
0.322567 0.3685786 0
0.1747238 0.1996467 0
0 0 0
0.6451346 0.7371578 0
0.6048138 0.6910855 0
0.5376124 0.6142984 0
0.4435297 0.5067956 0
0.322567 0.3685786 0
0.1747238 0.1996467 0
0.6541707 0.7563469 0
0 0 0
0.6408203 0.7409113000000001 0
0.6007690999999999 0.6946045 0
0.5340171 0.6174264 0
0.4405636 0.5093761 0
0.3204099 0.3704553 0
0.1735553 0.2006633 0
0 0 0
0.6408203 0.7409113000000001 0
0.6007690999999999 0.6946045 0
0.5340171 0.6174264 0
0.4405636 0.5093761 0
0.3204099 0.3704553 0
0.1735553 0.2006633 0
0.6498037 0.7601020000000001 0
0 0 0
0.6365425 0.7445898 0
0.5967586 0.698053 0
0.5304523 0.6204917 0
0.4376226 0.5119051 0
0.318271 0.3722946 0
0.1723968 0.2016595 0
0 0 0
0.6365425 0.7445898 0
0.5967586 0.698053 0
0.5304523 0.6204917 0
0.4376226 0.5119051 0
0.318271 0.3722946 0
0.1723968 0.2016595 0
0.6454756 0.7637809 0
0 0 0
0.6323027 0.7481935 0
0.5927839 0.7014315 0
0.5269191 0.6234949 0
0.4347078 0.5143827 0
0.3161511 0.3740964 0
0.1712485 0.2026355 0
0 0 0
0.6323027 0.7481935 0
0.5927839 0.7014315 0
0.5269191 0.6234949 0
0.4347078 0.5143827 0
0.3161511 0.3740964 0
0.1712485 0.2026355 0
0.6411835 0.7673875999999999 0
0 0 0
0.6280982000000001 0.7517266 0
0.5888421 0.7047438 0
0.5234154 0.6264391 0
0.4318172 0.5168117 0
0.3140488 0.375863 0
0.1701098 0.2035924 0
0 0 0
0.6280982000000001 0.7517266 0
0.5888421 0.7047438 0
0.5234154 0.6264391 0
0.4318172 0.5168117 0
0.3140488 0.375863 0
0.1701098 0.2035924 0
0.6369281 0.7709232 0
0 0 0
0.6239296 0.7551901 0
0.5849341 0.7079908 0
0.5199414999999999 0.6293253 0
0.4289513 0.5191928 0
0.3119645 0.3775947 0
0.1689808 0.2045305 0
0 0 0
0.6239296 0.7551901 0
0.5849341 0.7079908 0
0.5199414999999999 0.6293253 0
0.4289513 0.5191928 0
0.3119645 0.3775947 0
0.1689808 0.2045305 0
0.6327104 0.7743885 0
0 0 0
0.619798 0.7585846000000001 0
0.5810607 0.7111731999999999 0
0.5164986 0.6321541000000001 0
0.4261108 0.5215265 0
0.3098987 0.379292 0
0.1678618 0.2054498 0
0 0 0
0.619798 0.7585846000000001 0
0.5810607 0.7111731999999999 0
0.5164986 0.6321541000000001 0
0.4261108 0.5215265 0
0.3098987 0.379292 0
0.1678618 0.2054498 0
0.6285298 0.7777855 0
0 0 0
0.6157027 0.7619123 0
0.5772214 0.7142929 0
0.5130858 0.6349272 0
0.4232953 0.5238143 0
0.3078511 0.3809558 0
0.1667527 0.2063511 0
0 0 0
0.6157027 0.7619123 0
0.5772214 0.7142929 0
0.5130858 0.6349272 0
0.4232953 0.5238143 0
0.3078511 0.3809558 0
0.1667527 0.2063511 0
0.6243877 0.7811146 0
0 0 0
0.6116451000000001 0.7651735 0
0.5734174 0.7173503 0
0.5097045 0.6376449 0
0.4205057 0.5260564 0
0.3058223 0.3825864 0
0.1656537 0.2072343 0
0 0 0
0.6116451000000001 0.7651735 0
0.5734174 0.7173503 0
0.5097045 0.6376449 0
0.4205057 0.5260564 0
0.3058223 0.3825864 0
0.1656537 0.2072343 0
0.620282 0.7843789 0
0 0 0
0.6076232 0.7683712 0
0.5696468 0.7203481 0
0.5063529 0.6403096 0
0.4177406 0.5282548 0
0.3038113 0.3841853 0
0.1645645 0.2081003 0
0 0 0
0.6076232 0.7683712 0
0.5696468 0.7203481 0
0.5063529 0.6403096 0
0.4177406 0.5282548 0
0.3038113 0.3841853 0
0.1645645 0.2081003 0
0.6162132 0.7875794 0
0 0 0
0.6036374 0.7715064 0
0.5659102 0.7232873 0
0.5030314 0.6429222999999999 0
0.4150004 0.5304102000000001 0
0.3018184 0.3857529 0
0.163485 0.2089494 0
0 0 0
0.6036374 0.7715064 0
0.5659102 0.7232873 0
0.5030314 0.6429222999999999 0
0.4150004 0.5304102000000001 0
0.3018184 0.3857529 0
0.163485 0.2089494 0
0.612181 0.7907177 0
0 0 0
0.5996875 0.7745806 0
0.5622071 0.7261694 0
0.4997398 0.6454841 0
0.4122848 0.5325238 0
0.2998435 0.38729 0
0.1624152 0.2097821 0
0 0 0
0.5996875 0.7745806 0
0.5622071 0.7261694 0
0.4997398 0.6454841 0
0.4122848 0.5325238 0
0.2998435 0.38729 0
0.1624152 0.2097821 0
0.6081849 0.7937954 0
0 0 0
0.595773 0.7775955 0
0.5585373 0.7289959 0
0.4964777 0.6479965 0
0.4095936 0.5345965 0
0.2978863 0.3887974 0
0.161355 0.2105986 0
0 0 0
0.595773 0.7775955 0
0.5585373 0.7289959 0
0.4964777 0.6479965 0
0.4095936 0.5345965 0
0.2978863 0.3887974 0
0.161355 0.2105986 0
0.6042263 0.7968128 0
0 0 0
0.5918951 0.7805512999999999 0
0.5549018 0.7317669999999999 0
0.4932462 0.6504597 0
0.4069276 0.5366286 0
0.2959473 0.3902753 0
0.1603048 0.2113991 0
0 0 0
0.5918951 0.7805512999999999 0
0.5549018 0.7317669999999999 0
0.4932462 0.6504597 0
0.4069276 0.5366286 0
0.2959473 0.3902753 0
0.1603048 0.2113991 0
0.6003047 0.7997714 0
0 0 0
0.5880536 0.7834496 0
0.5513003 0.7344841 0
0.4900449 0.6528749 0
0.4042865 0.5386212 0
0.2940265 0.3917244 0
0.1592644 0.2121841 0
0 0 0
0.5880536 0.7834496 0
0.5513003 0.7344841 0
0.4900449 0.6528749 0
0.4042865 0.5386212 0
0.2940265 0.3917244 0
0.1592644 0.2121841 0
0.5964193 0.8026731 0
0 0 0
0.5842475 0.786292 0
0.5477321000000001 0.7371489 0
0.4868731 0.6552436 0
0.4016698 0.5405753 0
0.2921235 0.3931457 0
0.1582335 0.2129539 0
0 0 0
0.5842475 0.786292 0
0.5477321000000001 0.7371489 0
0.4868731 0.6552436 0
0.4016698 0.5405753 0
0.2921235 0.3931457 0
0.1582335 0.2129539 0
0.5925693 0.8055195000000001 0
0 0 0
0.5804761000000001 0.7890803 0
0.5441964 0.7397629 0
0.4837303 0.6575672 0
0.399077 0.5424923 0
0.2902378 0.3945398 0
0.1572121 0.2137091 0
0 0 0
0.5804761000000001 0.7890803 0
0.5441964 0.7397629 0
0.4837303 0.6575672 0
0.399077 0.5424923 0
0.2902378 0.3945398 0
0.1572121 0.2137091 0
0.5887554 0.8083113 0
0 0 0
0.57674 0.7918152000000001 0
0.5406938 0.7423268 0
0.4806169 0.6598462 0
0.3965084 0.5443725 0
0.2883697 0.3959072 0
0.1562003 0.2144497 0
0 0 0
0.57674 0.7918152000000001 0
0.5406938 0.7423268 0
0.4806169 0.6598462 0
0.3965084 0.5443725 0
0.2883697 0.3959072 0
0.1562003 0.2144497 0
0.5849766 0.8110501 0
0 0 0
0.5730383999999999 0.7944981 0
0.5372235 0.7448421 0
0.4775322 0.6620821 0
0.3939636 0.546217 0
0.2865189 0.3972487 0
0.1551977 0.2151764 0
0 0 0
0.5730383999999999 0.7944981 0
0.5372235 0.7448421 0
0.4775322 0.6620821 0
0.3939636 0.546217 0
0.2865189 0.3972487 0
0.1551977 0.2151764 0
0.5812328 0.8137373 0
0 0 0
0.5693709 0.7971305 0
0.5337853 0.7473099 0
0.474476 0.6642757 0
0.3914422 0.5480268 0
0.2846852 0.3985649 0
0.1542045 0.2158893 0
0 0 0
0.5693709 0.7971305 0
0.5337853 0.7473099 0
0.474476 0.6642757 0
0.3914422 0.5480268 0
0.2846852 0.3985649 0
0.1542045 0.2158893 0
0.5775242 0.8163736 0
0 0 0
0.565738 0.7997128999999999 0
0.5303793999999999 0.749731 0
0.4714485 0.6664277 0
0.3889446 0.5498022 0
0.2828687 0.3998561 0
0.1532206 0.2165887 0
0 0 0
0.565738 0.7997128999999999 0
0.5303793999999999 0.749731 0
0.4714485 0.6664277 0
0.3889446 0.5498022 0
0.2828687 0.3998561 0
0.1532206 0.2165887 0
