784
0 0 0
0.005 0 0
0.0757143 0 0
0.134643 0 0
0 0.005 0
0.005 0.005 0
0.0757143 0.005 0
0.134643 0.005 0
0 0.0757143 0
0.005 0.0757143 0
0.0757143 0.0757143 0
0.134643 0.0757143 0
0 0.134643 0
0.005 0.134643 0
0.0757143 0.134643 0
0.134643 0.134643 0
0.134643 0 0
0.193571 0 0
0.240714 0 0
0.287857 0 0
0.134643 0.005 0
0.193571 0.005 0
0.240714 0.005 0
0.287857 0.005 0
0.134643 0.0757143 0
0.193571 0.0757143 0
0.240714 0.0757143 0
0.287857 0.0757143 0
0.134643 0.134643 0
0.193571 0.134643 0
0.240714 0.134643 0
0.287857 0.134643 0
0.287857 0 0
0.335 0 0
0.382143 0 0
0.429286 0 0
0.287857 0.005 0
0.335 0.005 0
0.382143 0.005 0
0.429286 0.005 0
0.287857 0.0757143 0
0.335 0.0757143 0
0.382143 0.0757143 0
0.429286 0.0757143 0
0.287857 0.134643 0
0.335 0.134643 0
0.382143 0.134643 0
0.429286 0.134643 0
0.429286 0 0
0.476429 0 0
0.523571 0 0
0.570714 0 0
0.429286 0.005 0
0.476429 0.005 0
0.523571 0.005 0
0.570714 0.005 0
0.429286 0.0757143 0
0.476429 0.0757143 0
0.523571 0.0757143 0
0.570714 0.0757143 0
0.429286 0.134643 0
0.476429 0.134643 0
0.523571 0.134643 0
0.570714 0.134643 0
0.570714 0 0
0.617857 0 0
0.665 0 0
0.712143 0 0
0.570714 0.005 0
0.617857 0.005 0
0.665 0.005 0
0.712143 0.005 0
0.570714 0.0757143 0
0.617857 0.0757143 0
0.665 0.0757143 0
0.712143 0.0757143 0
0.570714 0.134643 0
0.617857 0.134643 0
0.665 0.134643 0
0.712143 0.134643 0
0.712143 0 0
0.759286 0 0
0.806429 0 0
0.865357 0 0
0.712143 0.005 0
0.759286 0.005 0
0.806429 0.005 0
0.865357 0.005 0
0.712143 0.0757143 0
0.759286 0.0757143 0
0.806429 0.0757143 0
0.865357 0.0757143 0
0.712143 0.134643 0
0.759286 0.134643 0
0.806429 0.134643 0
0.865357 0.134643 0
0.865357 0 0
0.924286 0 0
0.995 0 0
1 0 0
0.865357 0.005 0
0.924286 0.005 0
0.995 0.005 0
1 0.005 0
0.865357 0.0757143 0
0.924286 0.0757143 0
0.995 0.0757143 0
1 0.0757143 0
0.865357 0.134643 0
0.924286 0.134643 0
0.995 0.134643 0
1 0.134643 0
0 0.134643 0
0.005 0.134643 0
0.0757143 0.134643 0
0.134643 0.134643 0
0 0.193571 0
0.005 0.193571 0
0.0757143 0.193571 0
0.134643 0.193571 0
0 0.240714 0
0.005 0.240714 0
0.0757143 0.240714 0
0.134643 0.240714 0
0 0.287857 0
0.005 0.287857 0
0.0757143 0.287857 0
0.134643 0.287857 0
0.134643 0.134643 0
0.193571 0.134643 0
0.240714 0.134643 0
0.287857 0.134643 0
0.134643 0.193571 0
0.193571 0.193571 0
0.240714 0.193571 0
0.287857 0.193571 0
0.134643 0.240714 0
0.193571 0.240714 0
0.240714 0.240714 0
0.287857 0.240714 0
0.134643 0.287857 0
0.193571 0.287857 0
0.240714 0.287857 0
0.287857 0.287857 0
0.287857 0.134643 0
0.335 0.134643 0
0.382143 0.134643 0
0.429286 0.134643 0
0.287857 0.193571 0
0.335 0.193571 0
0.382143 0.193571 0
0.429286 0.193571 0
0.287857 0.240714 0
0.335 0.240714 0
0.382143 0.240714 0
0.429286 0.240714 0
0.287857 0.287857 0
0.335 0.287857 0
0.382143 0.287857 0
0.429286 0.287857 0
0.429286 0.134643 0
0.476429 0.134643 0
0.523571 0.134643 0
0.570714 0.134643 0
0.429286 0.193571 0
0.476429 0.193571 0
0.523571 0.193571 0
0.570714 0.193571 0
0.429286 0.240714 0
0.476429 0.240714 0
0.523571 0.240714 0
0.570714 0.240714 0
0.429286 0.287857 0
0.476429 0.287857 0
0.523571 0.287857 0
0.570714 0.287857 0
0.570714 0.134643 0
0.617857 0.134643 0
0.665 0.134643 0
0.712143 0.134643 0
0.570714 0.193571 0
0.617857 0.193571 0
0.665 0.193571 0
0.712143 0.193571 0
0.570714 0.240714 0
0.617857 0.240714 0
0.665 0.240714 0
0.712143 0.240714 0
0.570714 0.287857 0
0.617857 0.287857 0
0.665 0.287857 0
0.712143 0.287857 0
0.712143 0.134643 0
0.759286 0.134643 0
0.806429 0.134643 0
0.865357 0.134643 0
0.712143 0.193571 0
0.759286 0.193571 0
0.806429 0.193571 0
0.865357 0.193571 0
0.712143 0.240714 0
0.759286 0.240714 0
0.806429 0.240714 0
0.865357 0.240714 0
0.712143 0.287857 0
0.759286 0.287857 0
0.806429 0.287857 0
0.865357 0.287857 0
0.865357 0.134643 0
0.924286 0.134643 0
0.995 0.134643 0
1 0.134643 0
0.865357 0.193571 0
0.924286 0.193571 0
0.995 0.193571 0
1 0.193571 0
0.865357 0.240714 0
0.924286 0.240714 0
0.995 0.240714 0
1 0.240714 0
0.865357 0.287857 0
0.924286 0.287857 0
0.995 0.287857 0
1 0.287857 0
0 0.287857 0
0.005 0.287857 0
0.0757143 0.287857 0
0.134643 0.287857 0
0 0.335 0
0.005 0.335 0
0.0757143 0.335 0
0.134643 0.335 0
0 0.382143 0
0.005 0.382143 0
0.0757143 0.382143 0
0.134643 0.382143 0
0 0.429286 0
0.005 0.429286 0
0.0757143 0.429286 0
0.134643 0.429286 0
0.134643 0.287857 0
0.193571 0.287857 0
0.240714 0.287857 0
0.287857 0.287857 0
0.134643 0.335 0
0.193571 0.335 0
0.240714 0.335 0
0.287857 0.335 0
0.134643 0.382143 0
0.193571 0.382143 0
0.240714 0.382143 0
0.287857 0.382143 0
0.134643 0.429286 0
0.193571 0.429286 0
0.240714 0.429286 0
0.287857 0.429286 0
0.287857 0.287857 0
0.335 0.287857 0
0.382143 0.287857 0
0.429286 0.287857 0
0.287857 0.335 0
0.335 0.335 0
0.382143 0.335 0
0.429286 0.335 0
0.287857 0.382143 0
0.335 0.382143 0
0.382143 0.382143 0
0.429286 0.382143 0
0.287857 0.429286 0
0.335 0.429286 0
0.382143 0.429286 0
0.429286 0.429286 0
0.429286 0.287857 0
0.476429 0.287857 0
0.523571 0.287857 0
0.570714 0.287857 0
0.429286 0.335 0
0.476429 0.335 0
0.523571 0.335 0
0.570714 0.335 0
0.429286 0.382143 0
0.476429 0.382143 0
0.523571 0.382143 0
0.570714 0.382143 0
0.429286 0.429286 0
0.476429 0.429286 0
0.523571 0.429286 0
0.570714 0.429286 0
0.570714 0.287857 0
0.617857 0.287857 0
0.665 0.287857 0
0.712143 0.287857 0
0.570714 0.335 0
0.617857 0.335 0
0.665 0.335 0
0.712143 0.335 0
0.570714 0.382143 0
0.617857 0.382143 0
0.665 0.382143 0
0.712143 0.382143 0
0.570714 0.429286 0
0.617857 0.429286 0
0.665 0.429286 0
0.712143 0.429286 0
0.712143 0.287857 0
0.759286 0.287857 0
0.806429 0.287857 0
0.865357 0.287857 0
0.712143 0.335 0
0.759286 0.335 0
0.806429 0.335 0
0.865357 0.335 0
0.712143 0.382143 0
0.759286 0.382143 0
0.806429 0.382143 0
0.865357 0.382143 0
0.712143 0.429286 0
0.759286 0.429286 0
0.806429 0.429286 0
0.865357 0.429286 0
0.865357 0.287857 0
0.924286 0.287857 0
0.995 0.287857 0
1 0.287857 0
0.865357 0.335 0
0.924286 0.335 0
0.995 0.335 0
1 0.335 0
0.865357 0.382143 0
0.924286 0.382143 0
0.995 0.382143 0
1 0.382143 0
0.865357 0.429286 0
0.924286 0.429286 0
0.995 0.429286 0
1 0.429286 0
0 0.429286 0
0.005 0.429286 0
0.0757143 0.429286 0
0.134643 0.429286 0
0 0.476429 0
0.005 0.476429 0
0.0757143 0.476429 0
0.134643 0.476429 0
0 0.523571 0
0.005 0.523571 0
0.0757143 0.523571 0
0.134643 0.523571 0
0 0.570714 0
0.005 0.570714 0
0.0757143 0.570714 0
0.134643 0.570714 0
0.134643 0.429286 0
0.193571 0.429286 0
0.240714 0.429286 0
0.287857 0.429286 0
0.134643 0.476429 0
0.193571 0.476429 0
0.240714 0.476429 0
0.287857 0.476429 0
0.134643 0.523571 0
0.193571 0.523571 0
0.240714 0.523571 0
0.287857 0.523571 0
0.134643 0.570714 0
0.193571 0.570714 0
0.240714 0.570714 0
0.287857 0.570714 0
0.287857 0.429286 0
0.335 0.429286 0
0.382143 0.429286 0
0.429286 0.429286 0
0.287857 0.476429 0
0.335 0.476429 0
0.382143 0.476429 0
0.429286 0.476429 0
0.287857 0.523571 0
0.335 0.523571 0
0.382143 0.523571 0
0.429286 0.523571 0
0.287857 0.570714 0
0.335 0.570714 0
0.382143 0.570714 0
0.429286 0.570714 0
0.429286 0.429286 0
0.476429 0.429286 0
0.523571 0.429286 0
0.570714 0.429286 0
0.429286 0.476429 0
0.476429 0.476429 0
0.523571 0.476429 0
0.570714 0.476429 0
0.429286 0.523571 0
0.476429 0.523571 0
0.523571 0.523571 0
0.570714 0.523571 0
0.429286 0.570714 0
0.476429 0.570714 0
0.523571 0.570714 0
0.570714 0.570714 0
0.570714 0.429286 0
0.617857 0.429286 0
0.665 0.429286 0
0.712143 0.429286 0
0.570714 0.476429 0
0.617857 0.476429 0
0.665 0.476429 0
0.712143 0.476429 0
0.570714 0.523571 0
0.617857 0.523571 0
0.665 0.523571 0
0.712143 0.523571 0
0.570714 0.570714 0
0.617857 0.570714 0
0.665 0.570714 0
0.712143 0.570714 0
0.712143 0.429286 0
0.759286 0.429286 0
0.806429 0.429286 0
0.865357 0.429286 0
0.712143 0.476429 0
0.759286 0.476429 0
0.806429 0.476429 0
0.865357 0.476429 0
0.712143 0.523571 0
0.759286 0.523571 0
0.806429 0.523571 0
0.865357 0.523571 0
0.712143 0.570714 0
0.759286 0.570714 0
0.806429 0.570714 0
0.865357 0.570714 0
0.865357 0.429286 0
0.924286 0.429286 0
0.995 0.429286 0
1 0.429286 0
0.865357 0.476429 0
0.924286 0.476429 0
0.995 0.476429 0
1 0.476429 0
0.865357 0.523571 0
0.924286 0.523571 0
0.995 0.523571 0
1 0.523571 0
0.865357 0.570714 0
0.924286 0.570714 0
0.995 0.570714 0
1 0.570714 0
0 0.570714 0
0.005 0.570714 0
0.0757143 0.570714 0
0.134643 0.570714 0
0 0.617857 0
0.005 0.617857 0
0.0757143 0.617857 0
0.134643 0.617857 0
0 0.665 0
0.005 0.665 0
0.0757143 0.665 0
0.134643 0.665 0
0 0.712143 0
0.005 0.712143 0
0.0757143 0.712143 0
0.134643 0.712143 0
0.134643 0.570714 0
0.193571 0.570714 0
0.240714 0.570714 0
0.287857 0.570714 0
0.134643 0.617857 0
0.193571 0.617857 0
0.240714 0.617857 0
0.287857 0.617857 0
0.134643 0.665 0
0.193571 0.665 0
0.240714 0.665 0
0.287857 0.665 0
0.134643 0.712143 0
0.193571 0.712143 0
0.240714 0.712143 0
0.287857 0.712143 0
0.287857 0.570714 0
0.335 0.570714 0
0.382143 0.570714 0
0.429286 0.570714 0
0.287857 0.617857 0
0.335 0.617857 0
0.382143 0.617857 0
0.429286 0.617857 0
0.287857 0.665 0
0.335 0.665 0
0.382143 0.665 0
0.429286 0.665 0
0.287857 0.712143 0
0.335 0.712143 0
0.382143 0.712143 0
0.429286 0.712143 0
0.429286 0.570714 0
0.476429 0.570714 0
0.523571 0.570714 0
0.570714 0.570714 0
0.429286 0.617857 0
0.476429 0.617857 0
0.523571 0.617857 0
0.570714 0.617857 0
0.429286 0.665 0
0.476429 0.665 0
0.523571 0.665 0
0.570714 0.665 0
0.429286 0.712143 0
0.476429 0.712143 0
0.523571 0.712143 0
0.570714 0.712143 0
0.570714 0.570714 0
0.617857 0.570714 0
0.665 0.570714 0
0.712143 0.570714 0
0.570714 0.617857 0
0.617857 0.617857 0
0.665 0.617857 0
0.712143 0.617857 0
0.570714 0.665 0
0.617857 0.665 0
0.665 0.665 0
0.712143 0.665 0
0.570714 0.712143 0
0.617857 0.712143 0
0.665 0.712143 0
0.712143 0.712143 0
0.712143 0.570714 0
0.759286 0.570714 0
0.806429 0.570714 0
0.865357 0.570714 0
0.712143 0.617857 0
0.759286 0.617857 0
0.806429 0.617857 0
0.865357 0.617857 0
0.712143 0.665 0
0.759286 0.665 0
0.806429 0.665 0
0.865357 0.665 0
0.712143 0.712143 0
0.759286 0.712143 0
0.806429 0.712143 0
0.865357 0.712143 0
0.865357 0.570714 0
0.924286 0.570714 0
0.995 0.570714 0
1 0.570714 0
0.865357 0.617857 0
0.924286 0.617857 0
0.995 0.617857 0
1 0.617857 0
0.865357 0.665 0
0.924286 0.665 0
0.995 0.665 0
1 0.665 0
0.865357 0.712143 0
0.924286 0.712143 0
0.995 0.712143 0
1 0.712143 0
0 0.712143 0
0.005 0.712143 0
0.0757143 0.712143 0
0.134643 0.712143 0
0 0.759286 0
0.005 0.759286 0
0.0757143 0.759286 0
0.134643 0.759286 0
0 0.806429 0
0.005 0.806429 0
0.0757143 0.806429 0
0.134643 0.806429 0
0 0.865357 0
0.005 0.865357 0
0.0757143 0.865357 0
0.134643 0.865357 0
0.134643 0.712143 0
0.193571 0.712143 0
0.240714 0.712143 0
0.287857 0.712143 0
0.134643 0.759286 0
0.193571 0.759286 0
0.240714 0.759286 0
0.287857 0.759286 0
0.134643 0.806429 0
0.193571 0.806429 0
0.240714 0.806429 0
0.287857 0.806429 0
0.134643 0.865357 0
0.193571 0.865357 0
0.240714 0.865357 0
0.287857 0.865357 0
0.287857 0.712143 0
0.335 0.712143 0
0.382143 0.712143 0
0.429286 0.712143 0
0.287857 0.759286 0
0.335 0.759286 0
0.382143 0.759286 0
0.429286 0.759286 0
0.287857 0.806429 0
0.335 0.806429 0
0.382143 0.806429 0
0.429286 0.806429 0
0.287857 0.865357 0
0.335 0.865357 0
0.382143 0.865357 0
0.429286 0.865357 0
0.429286 0.712143 0
0.476429 0.712143 0
0.523571 0.712143 0
0.570714 0.712143 0
0.429286 0.759286 0
0.476429 0.759286 0
0.523571 0.759286 0
0.570714 0.759286 0
0.429286 0.806429 0
0.476429 0.806429 0
0.523571 0.806429 0
0.570714 0.806429 0
0.429286 0.865357 0
0.476429 0.865357 0
0.523571 0.865357 0
0.570714 0.865357 0
0.570714 0.712143 0
0.617857 0.712143 0
0.665 0.712143 0
0.712143 0.712143 0
0.570714 0.759286 0
0.617857 0.759286 0
0.665 0.759286 0
0.712143 0.759286 0
0.570714 0.806429 0
0.617857 0.806429 0
0.665 0.806429 0
0.712143 0.806429 0
0.570714 0.865357 0
0.617857 0.865357 0
0.665 0.865357 0
0.712143 0.865357 0
0.712143 0.712143 0
0.759286 0.712143 0
0.806429 0.712143 0
0.865357 0.712143 0
0.712143 0.759286 0
0.759286 0.759286 0
0.806429 0.759286 0
0.865357 0.759286 0
0.712143 0.806429 0
0.759286 0.806429 0
0.806429 0.806429 0
0.865357 0.806429 0
0.712143 0.865357 0
0.759286 0.865357 0
0.806429 0.865357 0
0.865357 0.865357 0
0.865357 0.712143 0
0.924286 0.712143 0
0.995 0.712143 0
1 0.712143 0
0.865357 0.759286 0
0.924286 0.759286 0
0.995 0.759286 0
1 0.759286 0
0.865357 0.806429 0
0.924286 0.806429 0
0.995 0.806429 0
1 0.806429 0
0.865357 0.865357 0
0.924286 0.865357 0
0.995 0.865357 0
1 0.865357 0
0 0.865357 0
0.005 0.865357 0
0.0757143 0.865357 0
0.134643 0.865357 0
0 0.924286 0
0.005 0.924286 0
0.0757143 0.924286 0
0.134643 0.924286 0
0 0.995 0
0.005 0.995 0
0.0757143 0.995 0
0.134643 0.995 0
0 1 0
0.005 1 0
0.0757143 1 0
0.134643 1 0
0.134643 0.865357 0
0.193571 0.865357 0
0.240714 0.865357 0
0.287857 0.865357 0
0.134643 0.924286 0
0.193571 0.924286 0
0.240714 0.924286 0
0.287857 0.924286 0
0.134643 0.995 0
0.193571 0.995 0
0.240714 0.995 0
0.287857 0.995 0
0.134643 1 0
0.193571 1 0
0.240714 1 0
0.287857 1 0
0.287857 0.865357 0
0.335 0.865357 0
0.382143 0.865357 0
0.429286 0.865357 0
0.287857 0.924286 0
0.335 0.924286 0
0.382143 0.924286 0
0.429286 0.924286 0
0.287857 0.995 0
0.335 0.995 0
0.382143 0.995 0
0.429286 0.995 0
0.287857 1 0
0.335 1 0
0.382143 1 0
0.429286 1 0
0.429286 0.865357 0
0.476429 0.865357 0
0.523571 0.865357 0
0.570714 0.865357 0
0.429286 0.924286 0
0.476429 0.924286 0
0.523571 0.924286 0
0.570714 0.924286 0
0.429286 0.995 0
0.476429 0.995 0
0.523571 0.995 0
0.570714 0.995 0
0.429286 1 0
0.476429 1 0
0.523571 1 0
0.570714 1 0
0.570714 0.865357 0
0.617857 0.865357 0
0.665 0.865357 0
0.712143 0.865357 0
0.570714 0.924286 0
0.617857 0.924286 0
0.665 0.924286 0
0.712143 0.924286 0
0.570714 0.995 0
0.617857 0.995 0
0.665 0.995 0
0.712143 0.995 0
0.570714 1 0
0.617857 1 0
0.665 1 0
0.712143 1 0
0.712143 0.865357 0
0.759286 0.865357 0
0.806429 0.865357 0
0.865357 0.865357 0
0.712143 0.924286 0
0.759286 0.924286 0
0.806429 0.924286 0
0.865357 0.924286 0
0.712143 0.995 0
0.759286 0.995 0
0.806429 0.995 0
0.865357 0.995 0
0.712143 1 0
0.759286 1 0
0.806429 1 0
0.865357 1 0
0.865357 0.865357 0
0.924286 0.865357 0
0.995 0.865357 0
1 0.865357 0
0.865357 0.924286 0
0.924286 0.924286 0
0.995 0.924286 0
1 0.924286 0
0.865357 0.995 0
0.924286 0.995 0
0.995 0.995 0
1 0.995 0
0.865357 1 0
0.924286 1 0
0.995 1 0
1 1 0
