100
30 31 59 58 1 2 29 3 57 4 32 60 87 86 88 85
31 32 60 59 2 3 30 4 58 5 33 61 88 87 89 86
32 33 61 60 3 4 31 5 59 6 34 62 89 88 90 87
33 34 62 61 4 5 32 6 60 7 35 63 90 89 91 88
34 35 63 62 5 6 33 7 61 8 36 64 91 90 92 89
35 36 64 63 6 7 34 8 62 9 37 65 92 91 93 90
36 37 65 64 7 8 35 9 63 10 38 66 93 92 94 91
37 38 66 65 8 9 36 10 64 11 39 67 94 93 95 92
38 39 67 66 9 10 37 11 65 12 40 68 95 94 96 93
39 40 68 67 10 11 38 12 66 13 41 69 96 95 97 94
40 41 69 68 11 12 39 13 67 14 42 70 97 96 98 95
41 42 70 69 12 13 40 14 68 15 43 71 98 97 99 96
42 43 71 70 13 14 41 15 69 16 44 72 99 98 100 97
43 44 72 71 14 15 42 16 70 17 45 73 100 99 101 98
44 45 73 72 15 16 43 17 71 18 46 74 101 100 102 99
45 46 74 73 16 17 44 18 72 19 47 75 102 101 103 100
46 47 75 74 17 18 45 19 73 20 48 76 103 102 104 101
47 48 76 75 18 19 46 20 74 21 49 77 104 103 105 102
48 49 77 76 19 20 47 21 75 22 50 78 105 104 106 103
49 50 78 77 20 21 48 22 76 23 51 79 106 105 107 104
50 51 79 78 21 22 49 23 77 24 52 80 107 106 108 105
51 52 80 79 22 23 50 24 78 25 53 81 108 107 109 106
52 53 81 80 23 24 51 25 79 26 54 82 109 108 110 107
53 54 82 81 24 25 52 26 80 27 55 83 110 109 111 108
54 55 83 82 25 26 53 27 81 28 56 84 111 110 112 109
58 59 87 86 29 30 57 31 85 32 60 88 115 114 116 113
59 60 88 87 30 31 58 32 86 33 61 89 116 115 117 114
60 61 89 88 31 32 59 33 87 34 62 90 117 116 118 115
61 62 90 89 32 33 60 34 88 35 63 91 118 117 119 116
62 63 91 90 33 34 61 35 89 36 64 92 119 118 120 117
63 64 92 91 34 35 62 36 90 37 65 93 120 119 121 118
64 65 93 92 35 36 63 37 91 38 66 94 121 120 122 119
65 66 94 93 36 37 64 38 92 39 67 95 122 121 123 120
66 67 95 94 37 38 65 39 93 40 68 96 123 122 124 121
67 68 96 95 38 39 66 40 94 41 69 97 124 123 125 122
68 69 97 96 39 40 67 41 95 42 70 98 125 124 126 123
69 70 98 97 40 41 68 42 96 43 71 99 126 125 127 124
70 71 99 98 41 42 69 43 97 44 72 100 127 126 128 125
71 72 100 99 42 43 70 44 98 45 73 101 128 127 129 126
72 73 101 100 43 44 71 45 99 46 74 102 129 128 130 127
73 74 102 101 44 45 72 46 100 47 75 103 130 129 131 128
74 75 103 102 45 46 73 47 101 48 76 104 131 130 132 129
75 76 104 103 46 47 74 48 102 49 77 105 132 131 133 130
76 77 105 104 47 48 75 49 103 50 78 106 133 132 134 131
77 78 106 105 48 49 76 50 104 51 79 107 134 133 135 132
78 79 107 106 49 50 77 51 105 52 80 108 135 134 136 133
79 80 108 107 50 51 78 52 106 53 81 109 136 135 137 134
80 81 109 108 51 52 79 53 107 54 82 110 137 136 138 135
81 82 110 109 52 53 80 54 108 55 83 111 138 137 139 136
82 83 111 110 53 54 81 55 109 56 84 112 139 138 140 137
86 87 115 114 57 58 85 59 113 60 88 116 143 142 144 141
87 88 116 115 58 59 86 60 114 61 89 117 144 143 145 142
88 89 117 116 59 60 87 61 115 62 90 118 145 144 146 143
89 90 118 117 60 61 88 62 116 63 91 119 146 145 147 144
90 91 119 118 61 62 89 63 117 64 92 120 147 146 148 145
91 92 120 119 62 63 90 64 118 65 93 121 148 147 149 146
92 93 121 120 63 64 91 65 119 66 94 122 149 148 150 147
93 94 122 121 64 65 92 66 120 67 95 123 150 149 151 148
94 95 123 122 65 66 93 67 121 68 96 124 151 150 152 149
95 96 124 123 66 67 94 68 122 69 97 125 152 151 153 150
96 97 125 124 67 68 95 69 123 70 98 126 153 152 154 151
97 98 126 125 68 69 96 70 124 71 99 127 154 153 155 152
98 99 127 126 69 70 97 71 125 72 100 128 155 154 156 153
99 100 128 127 70 71 98 72 126 73 101 129 156 155 157 154
100 101 129 128 71 72 99 73 127 74 102 130 157 156 158 155
101 102 130 129 72 73 100 74 128 75 103 131 158 157 159 156
102 103 131 130 73 74 101 75 129 76 104 132 159 158 160 157
103 104 132 131 74 75 102 76 130 77 105 133 160 159 161 158
104 105 133 132 75 76 103 77 131 78 106 134 161 160 162 159
105 106 134 133 76 77 104 78 132 79 107 135 162 161 163 160
106 107 135 134 77 78 105 79 133 80 108 136 163 162 164 161
107 108 136 135 78 79 106 80 134 81 109 137 164 163 165 162
108 109 137 136 79 80 107 81 135 82 110 138 165 164 166 163
109 110 138 137 80 81 108 82 136 83 111 139 166 165 167 164
110 111 139 138 81 82 109 83 137 84 112 140 167 166 168 165
114 115 143 142 85 86 113 87 141 88 116 144 171 170 172 169
115 116 144 143 86 87 114 88 142 89 117 145 172 171 173 170
116 117 145 144 87 88 115 89 143 90 118 146 173 172 174 171
117 118 146 145 88 89 116 90 144 91 119 147 174 173 175 172
118 119 147 146 89 90 117 91 145 92 120 148 175 174 176 173
119 120 148 147 90 91 118 92 146 93 121 149 176 175 177 174
120 121 149 148 91 92 119 93 147 94 122 150 177 176 178 175
121 122 150 149 92 93 120 94 148 95 123 151 178 177 179 176
122 123 151 150 93 94 121 95 149 96 124 152 179 178 180 177
123 124 152 151 94 95 122 96 150 97 125 153 180 179 181 178
124 125 153 152 95 96 123 97 151 98 126 154 181 180 182 179
125 126 154 153 96 97 124 98 152 99 127 155 182 181 183 180
126 127 155 154 97 98 125 99 153 100 128 156 183 182 184 181
127 128 156 155 98 99 126 100 154 101 129 157 184 183 185 182
128 129 157 156 99 100 127 101 155 102 130 158 185 184 186 183
129 130 158 157 100 101 128 102 156 103 131 159 186 185 187 184
130 131 159 158 101 102 129 103 157 104 132 160 187 186 188 185
131 132 160 159 102 103 130 104 158 105 133 161 188 187 189 186
132 133 161 160 103 104 131 105 159 106 134 162 189 188 190 187
133 134 162 161 104 105 132 106 160 107 135 163 190 189 191 188
134 135 163 162 105 106 133 107 161 108 136 164 191 190 192 189
135 136 164 163 106 107 134 108 162 109 137 165 192 191 193 190
136 137 165 164 107 108 135 109 163 110 138 166 193 192 194 191
137 138 166 165 108 109 136 110 164 111 139 167 194 193 195 192
138 139 167 166 109 110 137 111 165 112 140 168 195 194 196 193
