1600
10 0.5 0
9.95 0.5 0
9.752 0.5 0
9.587 0.5 0
10 0.46 0
9.95 0.46 0
9.752 0.46 0
9.587 0.46 0
10 0.345 0
9.95 0.345 0
9.752 0.345 0
9.587 0.345 0
10 0.249167 0
9.95 0.249167 0
9.752 0.249167 0
9.587 0.249167 0
9.587 0.5 0
9.422 0.5 0
9.29 0.5 0
9.158 0.5 0
9.587 0.46 0
9.422 0.46 0
9.29 0.46 0
9.158 0.46 0
9.587 0.345 0
9.422 0.345 0
9.29 0.345 0
9.158 0.345 0
9.587 0.249167 0
9.422 0.249167 0
9.29 0.249167 0
9.158 0.249167 0
9.158 0.5 0
9.026 0.5 0
8.894 0.5 0
8.762 0.5 0
9.158 0.46 0
9.026 0.46 0
8.894 0.46 0
8.762 0.46 0
9.158 0.345 0
9.026 0.345 0
8.894 0.345 0
8.762 0.345 0
9.158 0.249167 0
9.026 0.249167 0
8.894 0.249167 0
8.762 0.249167 0
8.762 0.5 0
8.63 0.5 0
8.498 0.5 0
8.366 0.5 0
8.762 0.46 0
8.63 0.46 0
8.498 0.46 0
8.366 0.46 0
8.762 0.345 0
8.63 0.345 0
8.498 0.345 0
8.366 0.345 0
8.762 0.249167 0
8.63 0.249167 0
8.498 0.249167 0
8.366 0.249167 0
8.366 0.5 0
8.234 0.5 0
8.102 0.5 0
7.97 0.5 0
8.366 0.46 0
8.234 0.46 0
8.102 0.46 0
7.97 0.46 0
8.366 0.345 0
8.234 0.345 0
8.102 0.345 0
7.97 0.345 0
8.366 0.249167 0
8.234 0.249167 0
8.102 0.249167 0
7.97 0.249167 0
7.97 0.5 0
7.838 0.5 0
7.706 0.5 0
7.574 0.5 0
7.97 0.46 0
7.838 0.46 0
7.706 0.46 0
7.574 0.46 0
7.97 0.345 0
7.838 0.345 0
7.706 0.345 0
7.574 0.345 0
7.97 0.249167 0
7.838 0.249167 0
7.706 0.249167 0
7.574 0.249167 0
7.574 0.5 0
7.442 0.5 0
7.31 0.5 0
7.178 0.5 0
7.574 0.46 0
7.442 0.46 0
7.31 0.46 0
7.178 0.46 0
7.574 0.345 0
7.442 0.345 0
7.31 0.345 0
7.178 0.345 0
7.574 0.249167 0
7.442 0.249167 0
7.31 0.249167 0
7.178 0.249167 0
7.178 0.5 0
7.046 0.5 0
6.914 0.5 0
6.782 0.5 0
7.178 0.46 0
7.046 0.46 0
6.914 0.46 0
6.782 0.46 0
7.178 0.345 0
7.046 0.345 0
6.914 0.345 0
6.782 0.345 0
7.178 0.249167 0
7.046 0.249167 0
6.914 0.249167 0
6.782 0.249167 0
6.782 0.5 0
6.65 0.5 0
6.518 0.5 0
6.386 0.5 0
6.782 0.46 0
6.65 0.46 0
6.518 0.46 0
6.386 0.46 0
6.782 0.345 0
6.65 0.345 0
6.518 0.345 0
6.386 0.345 0
6.782 0.249167 0
6.65 0.249167 0
6.518 0.249167 0
6.386 0.249167 0
6.386 0.5 0
6.254 0.5 0
6.122 0.5 0
5.99 0.5 0
6.386 0.46 0
6.254 0.46 0
6.122 0.46 0
5.99 0.46 0
6.386 0.345 0
6.254 0.345 0
6.122 0.345 0
5.99 0.345 0
6.386 0.249167 0
6.254 0.249167 0
6.122 0.249167 0
5.99 0.249167 0
5.99 0.5 0
5.858 0.5 0
5.726 0.5 0
5.594 0.5 0
5.99 0.46 0
5.858 0.46 0
5.726 0.46 0
5.594 0.46 0
5.99 0.345 0
5.858 0.345 0
5.726 0.345 0
5.594 0.345 0
5.99 0.249167 0
5.858 0.249167 0
5.726 0.249167 0
5.594 0.249167 0
5.594 0.5 0
5.462 0.5 0
5.33 0.5 0
5.198 0.5 0
5.594 0.46 0
5.462 0.46 0
5.33 0.46 0
5.198 0.46 0
5.594 0.345 0
5.462 0.345 0
5.33 0.345 0
5.198 0.345 0
5.594 0.249167 0
5.462 0.249167 0
5.33 0.249167 0
5.198 0.249167 0
5.198 0.5 0
5.066 0.5 0
4.934 0.5 0
4.802 0.5 0
5.198 0.46 0
5.066 0.46 0
4.934 0.46 0
4.802 0.46 0
5.198 0.345 0
5.066 0.345 0
4.934 0.345 0
4.802 0.345 0
5.198 0.249167 0
5.066 0.249167 0
4.934 0.249167 0
4.802 0.249167 0
4.802 0.5 0
4.67 0.5 0
4.538 0.5 0
4.406 0.5 0
4.802 0.46 0
4.67 0.46 0
4.538 0.46 0
4.406 0.46 0
4.802 0.345 0
4.67 0.345 0
4.538 0.345 0
4.406 0.345 0
4.802 0.249167 0
4.67 0.249167 0
4.538 0.249167 0
4.406 0.249167 0
4.406 0.5 0
4.274 0.5 0
4.142 0.5 0
4.01 0.5 0
4.406 0.46 0
4.274 0.46 0
4.142 0.46 0
4.01 0.46 0
4.406 0.345 0
4.274 0.345 0
4.142 0.345 0
4.01 0.345 0
4.406 0.249167 0
4.274 0.249167 0
4.142 0.249167 0
4.01 0.249167 0
4.01 0.5 0
3.878 0.5 0
3.746 0.5 0
3.614 0.5 0
4.01 0.46 0
3.878 0.46 0
3.746 0.46 0
3.614 0.46 0
4.01 0.345 0
3.878 0.345 0
3.746 0.345 0
3.614 0.345 0
4.01 0.249167 0
3.878 0.249167 0
3.746 0.249167 0
3.614 0.249167 0
3.614 0.5 0
3.482 0.5 0
3.35 0.5 0
3.218 0.5 0
3.614 0.46 0
3.482 0.46 0
3.35 0.46 0
3.218 0.46 0
3.614 0.345 0
3.482 0.345 0
3.35 0.345 0
3.218 0.345 0
3.614 0.249167 0
3.482 0.249167 0
3.35 0.249167 0
3.218 0.249167 0
3.218 0.5 0
3.086 0.5 0
2.954 0.5 0
2.822 0.5 0
3.218 0.46 0
3.086 0.46 0
2.954 0.46 0
2.822 0.46 0
3.218 0.345 0
3.086 0.345 0
2.954 0.345 0
2.822 0.345 0
3.218 0.249167 0
3.086 0.249167 0
2.954 0.249167 0
2.822 0.249167 0
2.822 0.5 0
2.69 0.5 0
2.558 0.5 0
2.426 0.5 0
2.822 0.46 0
2.69 0.46 0
2.558 0.46 0
2.426 0.46 0
2.822 0.345 0
2.69 0.345 0
2.558 0.345 0
2.426 0.345 0
2.822 0.249167 0
2.69 0.249167 0
2.558 0.249167 0
2.426 0.249167 0
2.426 0.5 0
2.294 0.5 0
2.162 0.5 0
2.03 0.5 0
2.426 0.46 0
2.294 0.46 0
2.162 0.46 0
2.03 0.46 0
2.426 0.345 0
2.294 0.345 0
2.162 0.345 0
2.03 0.345 0
2.426 0.249167 0
2.294 0.249167 0
2.162 0.249167 0
2.03 0.249167 0
2.03 0.5 0
1.898 0.5 0
1.766 0.5 0
1.634 0.5 0
2.03 0.46 0
1.898 0.46 0
1.766 0.46 0
1.634 0.46 0
2.03 0.345 0
1.898 0.345 0
1.766 0.345 0
1.634 0.345 0
2.03 0.249167 0
1.898 0.249167 0
1.766 0.249167 0
1.634 0.249167 0
1.634 0.5 0
1.502 0.5 0
1.37 0.5 0
1.238 0.5 0
1.634 0.46 0
1.502 0.46 0
1.37 0.46 0
1.238 0.46 0
1.634 0.345 0
1.502 0.345 0
1.37 0.345 0
1.238 0.345 0
1.634 0.249167 0
1.502 0.249167 0
1.37 0.249167 0
1.238 0.249167 0
1.238 0.5 0
1.106 0.5 0
0.974 0.5 0
0.842 0.5 0
1.238 0.46 0
1.106 0.46 0
0.974 0.46 0
0.842 0.46 0
1.238 0.345 0
1.106 0.345 0
0.974 0.345 0
0.842 0.345 0
1.238 0.249167 0
1.106 0.249167 0
0.974 0.249167 0
0.842 0.249167 0
0.842 0.5 0
0.71 0.5 0
0.578 0.5 0
0.413 0.5 0
0.842 0.46 0
0.71 0.46 0
0.578 0.46 0
0.413 0.46 0
0.842 0.345 0
0.71 0.345 0
0.578 0.345 0
0.413 0.345 0
0.842 0.249167 0
0.71 0.249167 0
0.578 0.249167 0
0.413 0.249167 0
0.413 0.5 0
0.248 0.5 0
0.05 0.5 0
0 0.5 0
0.413 0.46 0
0.248 0.46 0
0.05 0.46 0
0 0.46 0
0.413 0.345 0
0.248 0.345 0
0.05 0.345 0
0 0.345 0
0.413 0.249167 0
0.248 0.249167 0
0.05 0.249167 0
0 0.249167 0
10 0.249167 0
9.95 0.249167 0
9.752 0.249167 0
9.587 0.249167 0
10 0.153333 0
9.95 0.153333 0
9.752 0.153333 0
9.587 0.153333 0
10 0.0766667 0
9.95 0.0766667 0
9.752 0.0766667 0
9.587 0.0766667 0
10 2.08167e-17 0
9.95 0 0
9.752 0 0
9.587 0 0
9.587 0.249167 0
9.422 0.249167 0
9.29 0.249167 0
9.158 0.249167 0
9.587 0.153333 0
9.422 0.153333 0
9.29 0.153333 0
9.158 0.153333 0
9.587 0.0766667 0
9.422 0.0766667 0
9.29 0.0766667 0
9.158 0.0766667 0
9.587 0 0
9.422 0 0
9.29 0 0
9.158 0 0
9.158 0.249167 0
9.026 0.249167 0
8.894 0.249167 0
8.762 0.249167 0
9.158 0.153333 0
9.026 0.153333 0
8.894 0.153333 0
8.762 0.153333 0
9.158 0.0766667 0
9.026 0.0766667 0
8.894 0.0766667 0
8.762 0.0766667 0
9.158 0 0
9.026 0 0
8.894 0 0
8.762 0 0
8.762 0.249167 0
8.63 0.249167 0
8.498 0.249167 0
8.366 0.249167 0
8.762 0.153333 0
8.63 0.153333 0
8.498 0.153333 0
8.366 0.153333 0
8.762 0.0766667 0
8.63 0.0766667 0
8.498 0.0766667 0
8.366 0.0766667 0
8.762 0 0
8.63 0 0
8.498 0 0
8.366 0 0
8.366 0.249167 0
8.234 0.249167 0
8.102 0.249167 0
7.97 0.249167 0
8.366 0.153333 0
8.234 0.153333 0
8.102 0.153333 0
7.97 0.153333 0
8.366 0.0766667 0
8.234 0.0766667 0
8.102 0.0766667 0
7.97 0.0766667 0
8.366 0 0
8.234 0 0
8.102 0 0
7.97 0 0
7.97 0.249167 0
7.838 0.249167 0
7.706 0.249167 0
7.574 0.249167 0
7.97 0.153333 0
7.838 0.153333 0
7.706 0.153333 0
7.574 0.153333 0
7.97 0.0766667 0
7.838 0.0766667 0
7.706 0.0766667 0
7.574 0.0766667 0
7.97 0 0
7.838 0 0
7.706 0 0
7.574 0 0
7.574 0.249167 0
7.442 0.249167 0
7.31 0.249167 0
7.178 0.249167 0
7.574 0.153333 0
7.442 0.153333 0
7.31 0.153333 0
7.178 0.153333 0
7.574 0.0766667 0
7.442 0.0766667 0
7.31 0.0766667 0
7.178 0.0766667 0
7.574 0 0
7.442 0 0
7.31 0 0
7.178 0 0
7.178 0.249167 0
7.046 0.249167 0
6.914 0.249167 0
6.782 0.249167 0
7.178 0.153333 0
7.046 0.153333 0
6.914 0.153333 0
6.782 0.153333 0
7.178 0.0766667 0
7.046 0.0766667 0
6.914 0.0766667 0
6.782 0.0766667 0
7.178 0 0
7.046 0 0
6.914 0 0
6.782 0 0
6.782 0.249167 0
6.65 0.249167 0
6.518 0.249167 0
6.386 0.249167 0
6.782 0.153333 0
6.65 0.153333 0
6.518 0.153333 0
6.386 0.153333 0
6.782 0.0766667 0
6.65 0.0766667 0
6.518 0.0766667 0
6.386 0.0766667 0
6.782 0 0
6.65 0 0
6.518 0 0
6.386 0 0
6.386 0.249167 0
6.254 0.249167 0
6.122 0.249167 0
5.99 0.249167 0
6.386 0.153333 0
6.254 0.153333 0
6.122 0.153333 0
5.99 0.153333 0
6.386 0.0766667 0
6.254 0.0766667 0
6.122 0.0766667 0
5.99 0.0766667 0
6.386 0 0
6.254 0 0
6.122 0 0
5.99 0 0
5.99 0.249167 0
5.858 0.249167 0
5.726 0.249167 0
5.594 0.249167 0
5.99 0.153333 0
5.858 0.153333 0
5.726 0.153333 0
5.594 0.153333 0
5.99 0.0766667 0
5.858 0.0766667 0
5.726 0.0766667 0
5.594 0.0766667 0
5.99 0 0
5.858 0 0
5.726 0 0
5.594 0 0
5.594 0.249167 0
5.462 0.249167 0
5.33 0.249167 0
5.198 0.249167 0
5.594 0.153333 0
5.462 0.153333 0
5.33 0.153333 0
5.198 0.153333 0
5.594 0.0766667 0
5.462 0.0766667 0
5.33 0.0766667 0
5.198 0.0766667 0
5.594 0 0
5.462 0 0
5.33 0 0
5.198 0 0
5.198 0.249167 0
5.066 0.249167 0
4.934 0.249167 0
4.802 0.249167 0
5.198 0.153333 0
5.066 0.153333 0
4.934 0.153333 0
4.802 0.153333 0
5.198 0.0766667 0
5.066 0.0766667 0
4.934 0.0766667 0
4.802 0.0766667 0
5.198 0 0
5.066 0 0
4.934 0 0
4.802 0 0
4.802 0.249167 0
4.67 0.249167 0
4.538 0.249167 0
4.406 0.249167 0
4.802 0.153333 0
4.67 0.153333 0
4.538 0.153333 0
4.406 0.153333 0
4.802 0.0766667 0
4.67 0.0766667 0
4.538 0.0766667 0
4.406 0.0766667 0
4.802 0 0
4.67 0 0
4.538 0 0
4.406 0 0
4.406 0.249167 0
4.274 0.249167 0
4.142 0.249167 0
4.01 0.249167 0
4.406 0.153333 0
4.274 0.153333 0
4.142 0.153333 0
4.01 0.153333 0
4.406 0.0766667 0
4.274 0.0766667 0
4.142 0.0766667 0
4.01 0.0766667 0
4.406 0 0
4.274 0 0
4.142 0 0
4.01 0 0
4.01 0.249167 0
3.878 0.249167 0
3.746 0.249167 0
3.614 0.249167 0
4.01 0.153333 0
3.878 0.153333 0
3.746 0.153333 0
3.614 0.153333 0
4.01 0.0766667 0
3.878 0.0766667 0
3.746 0.0766667 0
3.614 0.0766667 0
4.01 0 0
3.878 0 0
3.746 0 0
3.614 0 0
3.614 0.249167 0
3.482 0.249167 0
3.35 0.249167 0
3.218 0.249167 0
3.614 0.153333 0
3.482 0.153333 0
3.35 0.153333 0
3.218 0.153333 0
3.614 0.0766667 0
3.482 0.0766667 0
3.35 0.0766667 0
3.218 0.0766667 0
3.614 0 0
3.482 0 0
3.35 0 0
3.218 0 0
3.218 0.249167 0
3.086 0.249167 0
2.954 0.249167 0
2.822 0.249167 0
3.218 0.153333 0
3.086 0.153333 0
2.954 0.153333 0
2.822 0.153333 0
3.218 0.0766667 0
3.086 0.0766667 0
2.954 0.0766667 0
2.822 0.0766667 0
3.218 0 0
3.086 0 0
2.954 0 0
2.822 0 0
2.822 0.249167 0
2.69 0.249167 0
2.558 0.249167 0
2.426 0.249167 0
2.822 0.153333 0
2.69 0.153333 0
2.558 0.153333 0
2.426 0.153333 0
2.822 0.0766667 0
2.69 0.0766667 0
2.558 0.0766667 0
2.426 0.0766667 0
2.822 0 0
2.69 -6.93889e-18 0
2.558 -1.38778e-17 0
2.426 -1.38778e-17 0
2.426 0.249167 0
2.294 0.249167 0
2.162 0.249167 0
2.03 0.249167 0
2.426 0.153333 0
2.294 0.153333 0
2.162 0.153333 0
2.03 0.153333 0
2.426 0.0766667 0
2.294 0.0766667 0
2.162 0.0766667 0
2.03 0.0766667 0
2.426 -1.38778e-17 0
2.294 -2.08167e-17 0
2.162 -2.08167e-17 0
2.03 -1.38778e-17 0
2.03 0.249167 0
1.898 0.249167 0
1.766 0.249167 0
1.634 0.249167 0
2.03 0.153333 0
1.898 0.153333 0
1.766 0.153333 0
1.634 0.153333 0
2.03 0.0766667 0
1.898 0.0766667 0
1.766 0.0766667 0
1.634 0.0766667 0
2.03 -1.38778e-17 0
1.898 -2.08167e-17 0
1.766 -2.08167e-17 0
1.634 -1.38778e-17 0
1.634 0.249167 0
1.502 0.249167 0
1.37 0.249167 0
1.238 0.249167 0
1.634 0.153333 0
1.502 0.153333 0
1.37 0.153333 0
1.238 0.153333 0
1.634 0.0766667 0
1.502 0.0766667 0
1.37 0.0766667 0
1.238 0.0766667 0
1.634 -1.38778e-17 0
1.502 -2.08167e-17 0
1.37 -2.08167e-17 0
1.238 -1.38778e-17 0
1.238 0.249167 0
1.106 0.249167 0
0.974 0.249167 0
0.842 0.249167 0
1.238 0.153333 0
1.106 0.153333 0
0.974 0.153333 0
0.842 0.153333 0
1.238 0.0766667 0
1.106 0.0766667 0
0.974 0.0766667 0
0.842 0.0766667 0
1.238 -1.38778e-17 0
1.106 -2.08167e-17 0
0.974 -2.08167e-17 0
0.842 -1.38778e-17 0
0.842 0.249167 0
0.71 0.249167 0
0.578 0.249167 0
0.413 0.249167 0
0.842 0.153333 0
0.71 0.153333 0
0.578 0.153333 0
0.413 0.153333 0
0.842 0.0766667 0
0.71 0.0766667 0
0.578 0.0766667 0
0.413 0.0766667 0
0.842 -1.38778e-17 0
0.71 -2.08167e-17 0
0.578 -2.08167e-17 0
0.413 -2.08167e-17 0
0.413 0.249167 0
0.248 0.249167 0
0.05 0.249167 0
0 0.249167 0
0.413 0.153333 0
0.248 0.153333 0
0.05 0.153333 0
0 0.153333 0
0.413 0.0766667 0
0.248 0.0766667 0
0.05 0.0766667 0
0 0.0766667 0
0.413 -2.08167e-17 0
0.248 -1.38778e-17 0
0.05 -2.08167e-17 0
0 -2.08167e-17 0
10 2.08167e-17 0
9.95 0 0
9.752 0 0
9.587 0 0
10 -0.0766667 0
9.95 -0.0766667 0
9.752 -0.0766667 0
9.587 -0.0766667 0
10 -0.153333 0
9.95 -0.153333 0
9.752 -0.153333 0
9.587 -0.153333 0
10 -0.249167 0
9.95 -0.249167 0
9.752 -0.249167 0
9.587 -0.249167 0
9.587 0 0
9.422 0 0
9.29 0 0
9.158 0 0
9.587 -0.0766667 0
9.422 -0.0766667 0
9.29 -0.0766667 0
9.158 -0.0766667 0
9.587 -0.153333 0
9.422 -0.153333 0
9.29 -0.153333 0
9.158 -0.153333 0
9.587 -0.249167 0
9.422 -0.249167 0
9.29 -0.249167 0
9.158 -0.249167 0
9.158 0 0
9.026 0 0
8.894 0 0
8.762 0 0
9.158 -0.0766667 0
9.026 -0.0766667 0
8.894 -0.0766667 0
8.762 -0.0766667 0
9.158 -0.153333 0
9.026 -0.153333 0
8.894 -0.153333 0
8.762 -0.153333 0
9.158 -0.249167 0
9.026 -0.249167 0
8.894 -0.249167 0
8.762 -0.249167 0
8.762 0 0
8.63 0 0
8.498 0 0
8.366 0 0
8.762 -0.0766667 0
8.63 -0.0766667 0
8.498 -0.0766667 0
8.366 -0.0766667 0
8.762 -0.153333 0
8.63 -0.153333 0
8.498 -0.153333 0
8.366 -0.153333 0
8.762 -0.249167 0
8.63 -0.249167 0
8.498 -0.249167 0
8.366 -0.249167 0
8.366 0 0
8.234 0 0
8.102 0 0
7.97 0 0
8.366 -0.0766667 0
8.234 -0.0766667 0
8.102 -0.0766667 0
7.97 -0.0766667 0
8.366 -0.153333 0
8.234 -0.153333 0
8.102 -0.153333 0
7.97 -0.153333 0
8.366 -0.249167 0
8.234 -0.249167 0
8.102 -0.249167 0
7.97 -0.249167 0
7.97 0 0
7.838 0 0
7.706 0 0
7.574 0 0
7.97 -0.0766667 0
7.838 -0.0766667 0
7.706 -0.0766667 0
7.574 -0.0766667 0
7.97 -0.153333 0
7.838 -0.153333 0
7.706 -0.153333 0
7.574 -0.153333 0
7.97 -0.249167 0
7.838 -0.249167 0
7.706 -0.249167 0
7.574 -0.249167 0
7.574 0 0
7.442 0 0
7.31 0 0
7.178 0 0
7.574 -0.0766667 0
7.442 -0.0766667 0
7.31 -0.0766667 0
7.178 -0.0766667 0
7.574 -0.153333 0
7.442 -0.153333 0
7.31 -0.153333 0
7.178 -0.153333 0
7.574 -0.249167 0
7.442 -0.249167 0
7.31 -0.249167 0
7.178 -0.249167 0
7.178 0 0
7.046 0 0
6.914 0 0
6.782 0 0
7.178 -0.0766667 0
7.046 -0.0766667 0
6.914 -0.0766667 0
6.782 -0.0766667 0
7.178 -0.153333 0
7.046 -0.153333 0
6.914 -0.153333 0
6.782 -0.153333 0
7.178 -0.249167 0
7.046 -0.249167 0
6.914 -0.249167 0
6.782 -0.249167 0
6.782 0 0
6.65 0 0
6.518 0 0
6.386 0 0
6.782 -0.0766667 0
6.65 -0.0766667 0
6.518 -0.0766667 0
6.386 -0.0766667 0
6.782 -0.153333 0
6.65 -0.153333 0
6.518 -0.153333 0
6.386 -0.153333 0
6.782 -0.249167 0
6.65 -0.249167 0
6.518 -0.249167 0
6.386 -0.249167 0
6.386 0 0
6.254 0 0
6.122 0 0
5.99 0 0
6.386 -0.0766667 0
6.254 -0.0766667 0
6.122 -0.0766667 0
5.99 -0.0766667 0
6.386 -0.153333 0
6.254 -0.153333 0
6.122 -0.153333 0
5.99 -0.153333 0
6.386 -0.249167 0
6.254 -0.249167 0
6.122 -0.249167 0
5.99 -0.249167 0
5.99 0 0
5.858 0 0
5.726 0 0
5.594 0 0
5.99 -0.0766667 0
5.858 -0.0766667 0
5.726 -0.0766667 0
5.594 -0.0766667 0
5.99 -0.153333 0
5.858 -0.153333 0
5.726 -0.153333 0
5.594 -0.153333 0
5.99 -0.249167 0
5.858 -0.249167 0
5.726 -0.249167 0
5.594 -0.249167 0
5.594 0 0
5.462 0 0
5.33 0 0
5.198 0 0
5.594 -0.0766667 0
5.462 -0.0766667 0
5.33 -0.0766667 0
5.198 -0.0766667 0
5.594 -0.153333 0
5.462 -0.153333 0
5.33 -0.153333 0
5.198 -0.153333 0
5.594 -0.249167 0
5.462 -0.249167 0
5.33 -0.249167 0
5.198 -0.249167 0
5.198 0 0
5.066 0 0
4.934 0 0
4.802 0 0
5.198 -0.0766667 0
5.066 -0.0766667 0
4.934 -0.0766667 0
4.802 -0.0766667 0
5.198 -0.153333 0
5.066 -0.153333 0
4.934 -0.153333 0
4.802 -0.153333 0
5.198 -0.249167 0
5.066 -0.249167 0
4.934 -0.249167 0
4.802 -0.249167 0
4.802 0 0
4.67 0 0
4.538 0 0
4.406 0 0
4.802 -0.0766667 0
4.67 -0.0766667 0
4.538 -0.0766667 0
4.406 -0.0766667 0
4.802 -0.153333 0
4.67 -0.153333 0
4.538 -0.153333 0
4.406 -0.153333 0
4.802 -0.249167 0
4.67 -0.249167 0
4.538 -0.249167 0
4.406 -0.249167 0
4.406 0 0
4.274 0 0
4.142 0 0
4.01 0 0
4.406 -0.0766667 0
4.274 -0.0766667 0
4.142 -0.0766667 0
4.01 -0.0766667 0
4.406 -0.153333 0
4.274 -0.153333 0
4.142 -0.153333 0
4.01 -0.153333 0
4.406 -0.249167 0
4.274 -0.249167 0
4.142 -0.249167 0
4.01 -0.249167 0
4.01 0 0
3.878 0 0
3.746 0 0
3.614 0 0
4.01 -0.0766667 0
3.878 -0.0766667 0
3.746 -0.0766667 0
3.614 -0.0766667 0
4.01 -0.153333 0
3.878 -0.153333 0
3.746 -0.153333 0
3.614 -0.153333 0
4.01 -0.249167 0
3.878 -0.249167 0
3.746 -0.249167 0
3.614 -0.249167 0
3.614 0 0
3.482 0 0
3.35 0 0
3.218 0 0
3.614 -0.0766667 0
3.482 -0.0766667 0
3.35 -0.0766667 0
3.218 -0.0766667 0
3.614 -0.153333 0
3.482 -0.153333 0
3.35 -0.153333 0
3.218 -0.153333 0
3.614 -0.249167 0
3.482 -0.249167 0
3.35 -0.249167 0
3.218 -0.249167 0
3.218 0 0
3.086 0 0
2.954 0 0
2.822 -3.46945e-18 0
3.218 -0.0766667 0
3.086 -0.0766667 0
2.954 -0.0766667 0
2.822 -0.0766667 0
3.218 -0.153333 0
3.086 -0.153333 0
2.954 -0.153333 0
2.822 -0.153333 0
3.218 -0.249167 0
3.086 -0.249167 0
2.954 -0.249167 0
2.822 -0.249167 0
2.822 0 0
2.69 -6.93889e-18 0
2.558 -1.38778e-17 0
2.426 -1.73472e-17 0
2.822 -0.0766667 0
2.69 -0.0766667 0
2.558 -0.0766667 0
2.426 -0.0766667 0
2.822 -0.153333 0
2.69 -0.153333 0
2.558 -0.153333 0
2.426 -0.153333 0
2.822 -0.249167 0
2.69 -0.249167 0
2.558 -0.249167 0
2.426 -0.249167 0
2.426 -1.38778e-17 0
2.294 -2.08167e-17 0
2.162 -1.38778e-17 0
2.03 -1.73472e-17 0
2.426 -0.0766667 0
2.294 -0.0766667 0
2.162 -0.0766667 0
2.03 -0.0766667 0
2.426 -0.153333 0
2.294 -0.153333 0
2.162 -0.153333 0
2.03 -0.153333 0
2.426 -0.249167 0
2.294 -0.249167 0
2.162 -0.249167 0
2.03 -0.249167 0
2.03 -1.73472e-17 0
1.898 -2.08167e-17 0
1.766 -1.38778e-17 0
1.634 -1.73472e-17 0
2.03 -0.0766667 0
1.898 -0.0766667 0
1.766 -0.0766667 0
1.634 -0.0766667 0
2.03 -0.153333 0
1.898 -0.153333 0
1.766 -0.153333 0
1.634 -0.153333 0
2.03 -0.249167 0
1.898 -0.249167 0
1.766 -0.249167 0
1.634 -0.249167 0
1.634 -1.73472e-17 0
1.502 -2.08167e-17 0
1.37 -1.38778e-17 0
1.238 -1.73472e-17 0
1.634 -0.0766667 0
1.502 -0.0766667 0
1.37 -0.0766667 0
1.238 -0.0766667 0
1.634 -0.153333 0
1.502 -0.153333 0
1.37 -0.153333 0
1.238 -0.153333 0
1.634 -0.249167 0
1.502 -0.249167 0
1.37 -0.249167 0
1.238 -0.249167 0
1.238 -1.73472e-17 0
1.106 -2.08167e-17 0
0.974 -1.38778e-17 0
0.842 -1.73472e-17 0
1.238 -0.0766667 0
1.106 -0.0766667 0
0.974 -0.0766667 0
0.842 -0.0766667 0
1.238 -0.153333 0
1.106 -0.153333 0
0.974 -0.153333 0
0.842 -0.153333 0
1.238 -0.249167 0
1.106 -0.249167 0
0.974 -0.249167 0
0.842 -0.249167 0
0.842 -1.73472e-17 0
0.71 -2.08167e-17 0
0.578 -1.38778e-17 0
0.413 -1.9082e-17 0
0.842 -0.0766667 0
0.71 -0.0766667 0
0.578 -0.0766667 0
0.413 -0.0766667 0
0.842 -0.153333 0
0.71 -0.153333 0
0.578 -0.153333 0
0.413 -0.153333 0
0.842 -0.249167 0
0.71 -0.249167 0
0.578 -0.249167 0
0.413 -0.249167 0
0.413 -1.73472e-17 0
0.248 -1.38778e-17 0
0.05 -2.08167e-17 0
0 -2.08167e-17 0
0.413 -0.0766667 0
0.248 -0.0766667 0
0.05 -0.0766667 0
0 -0.0766667 0
0.413 -0.153333 0
0.248 -0.153333 0
0.05 -0.153333 0
0 -0.153333 0
0.413 -0.249167 0
0.248 -0.249167 0
0.05 -0.249167 0
0 -0.249167 0
10 -0.249167 0
9.95 -0.249167 0
9.752 -0.249167 0
9.587 -0.249167 0
10 -0.345 0
9.95 -0.345 0
9.752 -0.345 0
9.587 -0.345 0
10 -0.46 0
9.95 -0.46 0
9.752 -0.46 0
9.587 -0.46 0
10 -0.5 0
9.95 -0.5 0
9.752 -0.5 0
9.587 -0.5 0
9.587 -0.249167 0
9.422 -0.249167 0
9.29 -0.249167 0
9.158 -0.249167 0
9.587 -0.345 0
9.422 -0.345 0
9.29 -0.345 0
9.158 -0.345 0
9.587 -0.46 0
9.422 -0.46 0
9.29 -0.46 0
9.158 -0.46 0
9.587 -0.5 0
9.422 -0.5 0
9.29 -0.5 0
9.158 -0.5 0
9.158 -0.249167 0
9.026 -0.249167 0
8.894 -0.249167 0
8.762 -0.249167 0
9.158 -0.345 0
9.026 -0.345 0
8.894 -0.345 0
8.762 -0.345 0
9.158 -0.46 0
9.026 -0.46 0
8.894 -0.46 0
8.762 -0.46 0
9.158 -0.5 0
9.026 -0.5 0
8.894 -0.5 0
8.762 -0.5 0
8.762 -0.249167 0
8.63 -0.249167 0
8.498 -0.249167 0
8.366 -0.249167 0
8.762 -0.345 0
8.63 -0.345 0
8.498 -0.345 0
8.366 -0.345 0
8.762 -0.46 0
8.63 -0.46 0
8.498 -0.46 0
8.366 -0.46 0
8.762 -0.5 0
8.63 -0.5 0
8.498 -0.5 0
8.366 -0.5 0
8.366 -0.249167 0
8.234 -0.249167 0
8.102 -0.249167 0
7.97 -0.249167 0
8.366 -0.345 0
8.234 -0.345 0
8.102 -0.345 0
7.97 -0.345 0
8.366 -0.46 0
8.234 -0.46 0
8.102 -0.46 0
7.97 -0.46 0
8.366 -0.5 0
8.234 -0.5 0
8.102 -0.5 0
7.97 -0.5 0
7.97 -0.249167 0
7.838 -0.249167 0
7.706 -0.249167 0
7.574 -0.249167 0
7.97 -0.345 0
7.838 -0.345 0
7.706 -0.345 0
7.574 -0.345 0
7.97 -0.46 0
7.838 -0.46 0
7.706 -0.46 0
7.574 -0.46 0
7.97 -0.5 0
7.838 -0.5 0
7.706 -0.5 0
7.574 -0.5 0
7.574 -0.249167 0
7.442 -0.249167 0
7.31 -0.249167 0
7.178 -0.249167 0
7.574 -0.345 0
7.442 -0.345 0
7.31 -0.345 0
7.178 -0.345 0
7.574 -0.46 0
7.442 -0.46 0
7.31 -0.46 0
7.178 -0.46 0
7.574 -0.5 0
7.442 -0.5 0
7.31 -0.5 0
7.178 -0.5 0
7.178 -0.249167 0
7.046 -0.249167 0
6.914 -0.249167 0
6.782 -0.249167 0
7.178 -0.345 0
7.046 -0.345 0
6.914 -0.345 0
6.782 -0.345 0
7.178 -0.46 0
7.046 -0.46 0
6.914 -0.46 0
6.782 -0.46 0
7.178 -0.5 0
7.046 -0.5 0
6.914 -0.5 0
6.782 -0.5 0
6.782 -0.249167 0
6.65 -0.249167 0
6.518 -0.249167 0
6.386 -0.249167 0
6.782 -0.345 0
6.65 -0.345 0
6.518 -0.345 0
6.386 -0.345 0
6.782 -0.46 0
6.65 -0.46 0
6.518 -0.46 0
6.386 -0.46 0
6.782 -0.5 0
6.65 -0.5 0
6.518 -0.5 0
6.386 -0.5 0
6.386 -0.249167 0
6.254 -0.249167 0
6.122 -0.249167 0
5.99 -0.249167 0
6.386 -0.345 0
6.254 -0.345 0
6.122 -0.345 0
5.99 -0.345 0
6.386 -0.46 0
6.254 -0.46 0
6.122 -0.46 0
5.99 -0.46 0
6.386 -0.5 0
6.254 -0.5 0
6.122 -0.5 0
5.99 -0.5 0
5.99 -0.249167 0
5.858 -0.249167 0
5.726 -0.249167 0
5.594 -0.249167 0
5.99 -0.345 0
5.858 -0.345 0
5.726 -0.345 0
5.594 -0.345 0
5.99 -0.46 0
5.858 -0.46 0
5.726 -0.46 0
5.594 -0.46 0
5.99 -0.5 0
5.858 -0.5 0
5.726 -0.5 0
5.594 -0.5 0
5.594 -0.249167 0
5.462 -0.249167 0
5.33 -0.249167 0
5.198 -0.249167 0
5.594 -0.345 0
5.462 -0.345 0
5.33 -0.345 0
5.198 -0.345 0
5.594 -0.46 0
5.462 -0.46 0
5.33 -0.46 0
5.198 -0.46 0
5.594 -0.5 0
5.462 -0.5 0
5.33 -0.5 0
5.198 -0.5 0
5.198 -0.249167 0
5.066 -0.249167 0
4.934 -0.249167 0
4.802 -0.249167 0
5.198 -0.345 0
5.066 -0.345 0
4.934 -0.345 0
4.802 -0.345 0
5.198 -0.46 0
5.066 -0.46 0
4.934 -0.46 0
4.802 -0.46 0
5.198 -0.5 0
5.066 -0.5 0
4.934 -0.5 0
4.802 -0.5 0
4.802 -0.249167 0
4.67 -0.249167 0
4.538 -0.249167 0
4.406 -0.249167 0
4.802 -0.345 0
4.67 -0.345 0
4.538 -0.345 0
4.406 -0.345 0
4.802 -0.46 0
4.67 -0.46 0
4.538 -0.46 0
4.406 -0.46 0
4.802 -0.5 0
4.67 -0.5 0
4.538 -0.5 0
4.406 -0.5 0
4.406 -0.249167 0
4.274 -0.249167 0
4.142 -0.249167 0
4.01 -0.249167 0
4.406 -0.345 0
4.274 -0.345 0
4.142 -0.345 0
4.01 -0.345 0
4.406 -0.46 0
4.274 -0.46 0
4.142 -0.46 0
4.01 -0.46 0
4.406 -0.5 0
4.274 -0.5 0
4.142 -0.5 0
4.01 -0.5 0
4.01 -0.249167 0
3.878 -0.249167 0
3.746 -0.249167 0
3.614 -0.249167 0
4.01 -0.345 0
3.878 -0.345 0
3.746 -0.345 0
3.614 -0.345 0
4.01 -0.46 0
3.878 -0.46 0
3.746 -0.46 0
3.614 -0.46 0
4.01 -0.5 0
3.878 -0.5 0
3.746 -0.5 0
3.614 -0.5 0
3.614 -0.249167 0
3.482 -0.249167 0
3.35 -0.249167 0
3.218 -0.249167 0
3.614 -0.345 0
3.482 -0.345 0
3.35 -0.345 0
3.218 -0.345 0
3.614 -0.46 0
3.482 -0.46 0
3.35 -0.46 0
3.218 -0.46 0
3.614 -0.5 0
3.482 -0.5 0
3.35 -0.5 0
3.218 -0.5 0
3.218 -0.249167 0
3.086 -0.249167 0
2.954 -0.249167 0
2.822 -0.249167 0
3.218 -0.345 0
3.086 -0.345 0
2.954 -0.345 0
2.822 -0.345 0
3.218 -0.46 0
3.086 -0.46 0
2.954 -0.46 0
2.822 -0.46 0
3.218 -0.5 0
3.086 -0.5 0
2.954 -0.5 0
2.822 -0.5 0
2.822 -0.249167 0
2.69 -0.249167 0
2.558 -0.249167 0
2.426 -0.249167 0
2.822 -0.345 0
2.69 -0.345 0
2.558 -0.345 0
2.426 -0.345 0
2.822 -0.46 0
2.69 -0.46 0
2.558 -0.46 0
2.426 -0.46 0
2.822 -0.5 0
2.69 -0.5 0
2.558 -0.5 0
2.426 -0.5 0
2.426 -0.249167 0
2.294 -0.249167 0
2.162 -0.249167 0
2.03 -0.249167 0
2.426 -0.345 0
2.294 -0.345 0
2.162 -0.345 0
2.03 -0.345 0
2.426 -0.46 0
2.294 -0.46 0
2.162 -0.46 0
2.03 -0.46 0
2.426 -0.5 0
2.294 -0.5 0
2.162 -0.5 0
2.03 -0.5 0
2.03 -0.249167 0
1.898 -0.249167 0
1.766 -0.249167 0
1.634 -0.249167 0
2.03 -0.345 0
1.898 -0.345 0
1.766 -0.345 0
1.634 -0.345 0
2.03 -0.46 0
1.898 -0.46 0
1.766 -0.46 0
1.634 -0.46 0
2.03 -0.5 0
1.898 -0.5 0
1.766 -0.5 0
1.634 -0.5 0
1.634 -0.249167 0
1.502 -0.249167 0
1.37 -0.249167 0
1.238 -0.249167 0
1.634 -0.345 0
1.502 -0.345 0
1.37 -0.345 0
1.238 -0.345 0
1.634 -0.46 0
1.502 -0.46 0
1.37 -0.46 0
1.238 -0.46 0
1.634 -0.5 0
1.502 -0.5 0
1.37 -0.5 0
1.238 -0.5 0
1.238 -0.249167 0
1.106 -0.249167 0
0.974 -0.249167 0
0.842 -0.249167 0
1.238 -0.345 0
1.106 -0.345 0
0.974 -0.345 0
0.842 -0.345 0
1.238 -0.46 0
1.106 -0.46 0
0.974 -0.46 0
0.842 -0.46 0
1.238 -0.5 0
1.106 -0.5 0
0.974 -0.5 0
0.842 -0.5 0
0.842 -0.249167 0
0.71 -0.249167 0
0.578 -0.249167 0
0.413 -0.249167 0
0.842 -0.345 0
0.71 -0.345 0
0.578 -0.345 0
0.413 -0.345 0
0.842 -0.46 0
0.71 -0.46 0
0.578 -0.46 0
0.413 -0.46 0
0.842 -0.5 0
0.71 -0.5 0
0.578 -0.5 0
0.413 -0.5 0
0.413 -0.249167 0
0.248 -0.249167 0
0.05 -0.249167 0
0 -0.249167 0
0.413 -0.345 0
0.248 -0.345 0
0.05 -0.345 0
0 -0.345 0
0.413 -0.46 0
0.248 -0.46 0
0.05 -0.46 0
0 -0.46 0
0.413 -0.5 0
0.248 -0.5 0
0.05 -0.5 0
0 -0.5 0
