0 0 0
0 0 0
0 0 0
0 0 0
0 0 0
0 0 0
0 0 0
0 0 0
0 0 0
0 0 0
0 0 0
0 0 0
0 0 0
0 0 0
0 0 0
0 0 0
0 0 0
0 0 0
0 0 0
0 0 0
0 0 0
0.9999993 0.001166567 0
0 0 0
0.9795912 0.001142759 0
0.9183669 0.001071337 0
0.8163262999999999 0.0009522998 0
0.6734684 0.0007856464 0
0.4897952 0.0005713791 0
0.2653057 0.000309497 0
0 0 0
0.9795912 0.001142759 0
0.9183669 0.001071337 0
0.8163262999999999 0.0009522998 0
0.6734684 0.0007856464 0
0.4897952 0.0005713791 0
0.2653057 0.000309497 0
0.9014470999999999 -0.4328893 0
0 0 0
0.8830503 -0.4240548 0
0.8278597 -0.3975514 0
0.7358755 -0.3533792 0
0.6070966 -0.2915375 0
0.4415247 -0.2120272 0
0.2391592 -0.1148481 0
0 0 0
0.8830503 -0.4240548 0
0.8278597 -0.3975514 0
0.7358755 -0.3533792 0
0.6070966 -0.2915375 0
0.4415247 -0.2120272 0
0.2391592 -0.1148481 0
0.8264224999999999 0.5630505 0
0 0 0
0.8095568 0.5515597 0
0.7589596 0.5170873 0
0.6746309 0.4596333 0
0.5565698 0.379197 0
0.404778 0.2757796 0
0.2192547 0.1493806 0
0 0 0
0.8095568 0.5515597 0
0.7589596 0.5170873 0
0.6746309 0.4596333 0
0.5565698 0.379197 0
0.404778 0.2757796 0
0.2192547 0.1493806 0
0 0 0
0 0 0
0 0 0
0 0 0
0 0 0
0 0 0
0 0 0
0 0 0
0 0 0
0 0 0
0 0 0
0 0 0
0 0 0
0 0 0
0 0 0
0 0 0
0 0 0
0 0 0
0 0 0
0 0 0
0 0 0
0.8153065 0.5790296 0
0 0 0
0.7986677 0.5672127 0
0.7487510000000001 0.531762 0
0.6655566000000001 0.4726774 0
0.5490836 0.3899584 0
0.3993335 0.2836061 0
0.2163056 0.15362 0
0 0 0
0.7986677 0.5672127 0
0.7487510000000001 0.531762 0
0.6655566000000001 0.4726774 0
0.5490836 0.3899584 0
0.3993335 0.2836061 0
0.2163056 0.15362 0
0.9192773 0.3936105 0
0 0 0
0.9005166 0.3855777 0
0.8442344000000001 0.3614791 0
0.7504308 0.3213149 0
0.6191047 0.2650844 0
0.4502579 0.1927887 0
0.2438897 0.1044272 0
0 0 0
0.9005166 0.3855777 0
0.8442344000000001 0.3614791 0
0.7504308 0.3213149 0
0.6191047 0.2650844 0
0.4502579 0.1927887 0
0.2438897 0.1044272 0
-0.2834504 0.9589869 0
0 0 0
-0.2776657 0.9394158 0
-0.2603117 0.8807024 0
-0.2313882 0.7828468 0
-0.190895 0.6458478 0
-0.1388327 0.4697075 0
-0.07520106 0.2544249 0
0 0 0
-0.2776657 0.9394158 0
-0.2603117 0.8807024 0
-0.2313882 0.7828468 0
-0.190895 0.6458478 0
-0.1388327 0.4697075 0
-0.07520106 0.2544249 0
0 0 0
0 0 0
0 0 0
0 0 0
0 0 0
0 0 0
0 0 0
0 0 0
0 0 0
0 0 0
0 0 0
0 0 0
0 0 0
0 0 0
0 0 0
0 0 0
0 0 0
0 0 0
0 0 0
0 0 0
0 0 0
-0.1412279 0.9899771000000001 0
0 0 0
-0.1383457 0.9697735 0
-0.1296991 0.9091628 0
-0.1152882 0.8081449000000001 0
-0.09511261999999999 0.6667187999999999 0
-0.06917281 0.4848863 0
-0.0374686 0.2626467 0
0 0 0
-0.1383457 0.9697735 0
-0.1296991 0.9091628 0
-0.1152882 0.8081449000000001 0
-0.09511261999999999 0.6667187999999999 0
-0.06917281 0.4848863 0
-0.0374686 0.2626467 0
0.608064 0.793888 0
0 0 0
0.5956546 0.7776862 0
0.5584263 0.7290809 0
0.496379 0.6480721 0
0.4095122 0.5346589 0
0.297827 0.3888428 0
0.161323 0.2106231 0
0 0 0
0.5956546 0.7776862 0
0.5584263 0.7290809 0
0.496379 0.6480721 0
0.4095122 0.5346589 0
0.297827 0.3888428 0
0.161323 0.2106231 0
-0.880548 0.473957 0
0 0 0
-0.8625777 0.4642844 0
-0.8086667 0.4352667 0
-0.718815 0.3869038 0
-0.5930217 0.3191953 0
-0.4312885 0.232142 0
-0.2336146 0.1257436 0
0 0 0
-0.8625777 0.4642844 0
-0.8086667 0.4352667 0
-0.718815 0.3869038 0
-0.5930217 0.3191953 0
-0.4312885 0.232142 0
-0.2336146 0.1257436 0
0 0 0
0 0 0
0 0 0
0 0 0
0 0 0
0 0 0
0 0 0
0 0 0
0 0 0
0 0 0
0 0 0
0 0 0
0 0 0
0 0 0
0 0 0
0 0 0
0 0 0
0 0 0
0 0 0
0 0 0
0 0 0
-0.7296807 0.683788 0
0 0 0
-0.7147893 0.6698332 0
-0.6701151 0.6279687 0
-0.595658 0.5581945 0
-0.4914173 0.4605099 0
-0.3573944 0.3349163 0
-0.1935886 0.181413 0
0 0 0
-0.7147893 0.6698332 0
-0.6701151 0.6279687 0
-0.595658 0.5581945 0
-0.4914173 0.4605099 0
-0.3573944 0.3349163 0
-0.1935886 0.181413 0
0.3763997 0.9264574 0
0 0 0
0.3687181 0.9075501 0
0.3456733 0.8508283 0
0.3072652 0.7562921 0
0.2534935 0.6239401999999999 0
0.1843589 0.4537747 0
0.09986106 0.2457946 0
0 0 0
0.3687181 0.9075501 0
0.3456733 0.8508283 0
0.3072652 0.7562921 0
0.2534935 0.6239401999999999 0
0.1843589 0.4537747 0
0.09986106 0.2457946 0
-0.6632117 0.7484319 0
0 0 0
-0.6496768000000001 0.7331578 0
-0.6090721 0.6873355 0
-0.5413976 0.6109651 0
-0.4466525 0.5040456 0
-0.3248381 0.3665786 0
-0.175954 0.1985634 0
0 0 0
-0.6496768000000001 0.7331578 0
-0.6090721 0.6873355 0
-0.5413976 0.6109651 0
-0.4466525 0.5040456 0
-0.3248381 0.3665786 0
-0.175954 0.1985634 0
0.9999993 0.001166567 0
0 0 0
0.9795912 0.001142759 0
0.9183669 0.001071337 0
0.8163262999999999 0.0009522998 0
0.6734684 0.0007856464 0
0.4897952 0.0005713791 0
0.2653057 0.000309497 0
0 0 0
0.9795912 0.001142759 0
0.9183669 0.001071337 0
0.8163262999999999 0.0009522998 0
0.6734684 0.0007856464 0
0.4897952 0.0005713791 0
0.2653057 0.000309497 0
0.9998172 0.01912134 0
0 0 0
0.9794128 0.01873111 0
0.9181996 0.01756042 0
0.8161775999999999 0.01560926 0
0.6733458 0.01287763 0
0.489706 0.009365546000000001 0
0.2652574 0.005073004 0
0 0 0
0.9794128 0.01873111 0
0.9181996 0.01756042 0
0.8161775999999999 0.01560926 0
0.6733458 0.01287763 0
0.489706 0.009365546000000001 0
0.2652574 0.005073004 0
0.9993078 0.03719982 0
0 0 0
0.9789139 0.03644064 0
0.9177319 0.0341631 0
0.8157619 0.03036721 0
0.6730028 0.02505292 0
0.4894565 0.0182203 0
0.2651222 0.009869331 0
0 0 0
0.9789139 0.03644064 0
0.9177319 0.0341631 0
0.8157619 0.03036721 0
0.6730028 0.02505292 0
0.4894565 0.0182203 0
0.2651222 0.009869331 0
0.9984955 0.05483355 0
0 0 0
0.9781181 0.0537145 0
0.9169858 0.05035735 0
0.8150987 0.0447621 0
0.6724557 0.03692869 0
0.4890586 0.02685723 0
0.2649067 0.01454766 0
0 0 0
0.9781181 0.0537145 0
0.9169858 0.05035735 0
0.8150987 0.0447621 0
0.6724557 0.03692869 0
0.4890586 0.02685723 0
0.2649067 0.01454766 0
0.997457 0.07127134 0
0 0 0
0.9771007 0.06981683 0
0.9160321 0.06545328 0
0.8142509 0.05818071 0
0.6717562 0.04799903 0
0.4885499 0.03490838 0
0.2646312 0.01890871 0
0 0 0
0.9771007 0.06981683 0
0.9160321 0.06545328 0
0.8142509 0.05818071 0
0.6717562 0.04799903 0
0.4885499 0.03490838 0
0.2646312 0.01890871 0
0.9963294 0.08560267000000001 0
0 0 0
0.9759961 0.08385568 0
0.9149965 0.07861471 0
0.8133305 0.06987976 0
0.6709967999999999 0.05765074 0
0.4879976 0.0419278 0
0.264332 0.02271089 0
0 0 0
0.9759961 0.08385568 0
0.9149965 0.07861471 0
0.8133305 0.06987976 0
0.6709967999999999 0.05765074 0
0.4879976 0.0419278 0
0.264332 0.02271089 0
0.9953008 0.09683116 0
0 0 0
0.9749886 0.09485502 0
0.9140519 0.08892659 0
0.8124908 0.07904588 0
0.6703041 0.06521277 0
0.4874939 0.04742747 0
0.2640592 0.02568988 0
0 0 0
0.9749886 0.09485502 0
0.9140519 0.08892659 0
0.8124908 0.07904588 0
0.6703041 0.06521277 0
0.4874939 0.04742747 0
0.2640592 0.02568988 0
0.994577 0.1040032 0
0 0 0
0.9742795 0.1018807 0
0.9133872 0.09551319 0
0.8118999 0.08490063 0
0.6698166 0.07004294 0
0.4871393 0.05094032 0
0.2638671 0.02759267 0
0 0 0
0.9742795 0.1018807 0
0.9133872 0.09551319 0
0.8118999 0.08490063 0
0.6698166 0.07004294 0
0.4871393 0.05094032 0
0.2638671 0.02759267 0
0.9739724 -0.2266666 0
0 0 0
0.9540955 -0.2220408 0
0.8944646000000001 -0.2081632 0
0.7950799 -0.185034 0
0.6559401 -0.1526529 0
0.4770473 -0.1110203 0
0.2584006 -0.06013598 0
0 0 0
0.9540955 -0.2220408 0
0.8944646000000001 -0.2081632 0
0.7950799 -0.185034 0
0.6559401 -0.1526529 0
0.4770473 -0.1110203 0
0.2584006 -0.06013598 0
0.9940335 -0.1090749 0
0 0 0
0.9737472 -0.1068489 0
0.9128881 -0.1001709 0
0.8114563 -0.08904078 0
0.6694507 -0.07345856000000001 0
0.4868732 -0.0534244 0
0.2637229 -0.02893821 0
0 0 0
0.9737472 -0.1068489 0
0.9128881 -0.1001709 0
0.8114563 -0.08904078 0
0.6694507 -0.07345856000000001 0
0.4868732 -0.0534244 0
0.2637229 -0.02893821 0
0.9999663 -0.008206052 0
0 0 0
0.9795589 -0.008038582000000001 0
0.9183365999999999 -0.007536172 0
0.8162994 -0.006698821 0
0.6734462 -0.005526521 0
0.489779 -0.004019287 0
0.2652969 -0.002177114 0
0 0 0
0.9795589 -0.008038582000000001 0
0.9183365999999999 -0.007536172 0
0.8162994 -0.006698821 0
0.6734462 -0.005526521 0
0.489779 -0.004019287 0
0.2652969 -0.002177114 0
0.9971745 0.07512056 0
0 0 0
0.976824 0.07358749000000001 0
0.9157726 0.06898828 0
0.8140203 0.06132293 0
0.671566 0.05059136 0
0.4884116 0.03679371 0
0.2645562 0.01992993 0
0 0 0
0.976824 0.07358749000000001 0
0.9157726 0.06898828 0
0.8140203 0.06132293 0
0.671566 0.05059136 0
0.4884116 0.03679371 0
0.2645562 0.01992993 0
0.9902765 0.1391128 0
0 0 0
0.9700669 0.1362737 0
0.9094378 0.1277567 0
0.8083894 0.1135615 0
0.6669205 0.09368812999999999 0
0.485033 0.06813681000000001 0
0.2627262 0.03690744 0
0 0 0
0.9700669 0.1362737 0
0.9094378 0.1277567 0
0.8083894 0.1135615 0
0.6669205 0.09368812999999999 0
0.485033 0.06813681000000001 0
0.2627262 0.03690744 0
0.9812308 0.1928369 0
0 0 0
0.9612057000000001 0.1889015 0
0.9011304999999999 0.1770952 0
0.8010051 0.157418 0
0.6608284 0.1298697 0
0.4806024 0.09445067 0
0.2603263 0.05116077 0
0 0 0
0.9612057000000001 0.1889015 0
0.9011304999999999 0.1770952 0
0.8010051 0.157418 0
0.6608284 0.1298697 0
0.4806024 0.09445067 0
0.2603263 0.05116077 0
0.9724642 0.2330522 0
0 0 0
0.9526181 0.2282961 0
0.8930795 0.2140276 0
0.7938487 0.1902468 0
0.6549244 0.1569534 0
0.4763086 0.1141479 0
0.2580005 0.06183012 0
0 0 0
0.9526181 0.2282961 0
0.8930795 0.2140276 0
0.7938487 0.1902468 0
0.6549244 0.1569534 0
0.4763086 0.1141479 0
0.2580005 0.06183012 0
0.9581718 0.2861935 0
0 0 0
0.9386174 0.2803528 0
0.8799539 0.2628308 0
0.7821815 0.2336274 0
0.6452989 0.1927424 0
0.4693083 0.1401763 0
0.2542086 0.07592881999999999 0
0 0 0
0.9386174 0.2803528 0
0.8799539 0.2628308 0
0.7821815 0.2336274 0
0.6452989 0.1927424 0
0.4693083 0.1401763 0
0.2542086 0.07592881999999999 0
0.9332431 0.3592456 0
0 0 0
0.9141973 0.351914 0
0.8570601 0.3299195 0
0.7618314 0.2932618 0
0.6285102 0.2419407 0
0.4570983 0.1759569 0
0.2475949 0.09530996 0
0 0 0
0.9141973 0.351914 0
0.8570601 0.3299195 0
0.7618314 0.2932618 0
0.6285102 0.2419407 0
0.4570983 0.1759569 0
0.2475949 0.09530996 0
0.9034302 0.4287352 0
0 0 0
0.8849929 0.4199855 0
0.829681 0.3937364 0
0.7374944 0.349988 0
0.6084322 0.2887398 0
0.4424961 0.2099926 0
0.2396853 0.113746 0
0 0 0
0.8849929 0.4199855 0
0.829681 0.3937364 0
0.7374944 0.349988 0
0.6084322 0.2887398 0
0.4424961 0.2099926 0
0.2396853 0.113746 0
0.8799737 0.4750223 0
0 0 0
0.8620151 0.465328 0
0.8081393 0.4362451 0
0.7183462 0.3877735 0
0.5926349 0.3199128 0
0.4310072 0.2326638 0
0.2334622 0.1260262 0
0 0 0
0.8620151 0.465328 0
0.8081393 0.4362451 0
0.7183462 0.3877735 0
0.5926349 0.3199128 0
0.4310072 0.2326638 0
0.2334622 0.1260262 0
0.8580265 0.5136055 0
0 0 0
0.8405158 0.5031237 0
0.7879836 0.4716786 0
0.7004301000000001 0.41927 0
0.5778541 0.3458973 0
0.4202575 0.2515617 0
0.2276395 0.1362625 0
0 0 0
0.8405158 0.5031237 0
0.7879836 0.4716786 0
0.7004301000000001 0.41927 0
0.5778541 0.3458973 0
0.4202575 0.2515617 0
0.2276395 0.1362625 0
0.8126744 0.582718 0
0 0 0
0.7960892000000001 0.5708259 0
0.7463338 0.5351493 0
0.663408 0.4756884 0
0.5473109 0.3924425 0
0.3980443 0.2854127 0
0.2156073 0.1545985 0
0 0 0
0.7960892000000001 0.5708259 0
0.7463338 0.5351493 0
0.663408 0.4756884 0
0.5473109 0.3924425 0
0.3980443 0.2854127 0
0.2156073 0.1545985 0
0.7251845 0.6885546 0
0 0 0
0.7103848 0.6745025 0
0.6659858 0.6323462 0
0.5919875999999999 0.5620857 0
0.4883892 0.4637201 0
0.3551921 0.337251 0
0.1923957 0.1826776 0
0 0 0
0.7103848 0.6745025 0
0.6659858 0.6323462 0
0.5919875999999999 0.5620857 0
0.4883892 0.4637201 0
0.3551921 0.337251 0
0.1923957 0.1826776 0
0.6346723 0.7727813 0
0 0 0
0.6217199 0.7570103 0
0.5828625 0.7096973 0
0.5181001 0.6308422 0
0.4274321 0.5204442 0
0.3108597 0.3785048 0
0.1683823 0.2050234 0
0 0 0
0.6217199 0.7570103 0
0.5828625 0.7096973 0
0.5181001 0.6308422 0
0.4274321 0.5204442 0
0.3108597 0.3785048 0
0.1683823 0.2050234 0
0.5711695 0.8208321 0
0 0 0
0.559513 0.8040805 0
0.5245436 0.7538255 0
0.4662611 0.6700673 0
0.3846649 0.5528049 0
0.2797563 0.4020399 0
0.1515346 0.2177716 0
0 0 0
0.559513 0.8040805 0
0.5245436 0.7538255 0
0.4662611 0.6700673 0
0.3846649 0.5528049 0
0.2797563 0.4020399 0
0.1515346 0.2177716 0
0.5175126 0.8556756 0
0 0 0
0.5069512 0.8382128 0
0.4752668 0.7858246 0
0.4224595 0.698511 0
0.3485287 0.5762709 0
0.2534754 0.4191061 0
0.1372991 0.2270158 0
0 0 0
0.5069512 0.8382128 0
0.4752668 0.7858246 0
0.4224595 0.698511 0
0.3485287 0.5762709 0
0.2534754 0.4191061 0
0.1372991 0.2270158 0
0.4647256 0.8854547 0
0 0 0
0.4552415 0.8673843 0
0.4267889 0.8131729 0
0.379368 0.7228205 0
0.3129783 0.5963262 0
0.2276205 0.4336917 0
0.1232944 0.2349163 0
0 0 0
0.4552415 0.8673843 0
0.4267889 0.8131729 0
0.379368 0.7228205 0
0.3129783 0.5963262 0
0.2276205 0.4336917 0
0.1232944 0.2349163 0
0.4139216 0.9103125 0
0 0 0
0.4054742 0.8917348 0
0.3801322 0.8360015 0
0.3378953 0.7431126 0
0.2787633 0.6130672 0
0.2027369 0.445867 0
0.1098158 0.2415113 0
0 0 0
0.4054742 0.8917348 0
0.3801322 0.8360015 0
0.3378953 0.7431126 0
0.2787633 0.6130672 0
0.2027369 0.445867 0
0.1098158 0.2415113 0
0.3783781 0.9256510999999999 0
0 0 0
0.3706561 0.9067603 0
0.3474902 0.8500879 0
0.3088802 0.7556339 0
0.2548259 0.6233972 0
0.1853279 0.4533798 0
0.1003859 0.2455807 0
0 0 0
0.3706561 0.9067603 0
0.3474902 0.8500879 0
0.3088802 0.7556339 0
0.2548259 0.6233972 0
0.1853279 0.4533798 0
0.1003859 0.2455807 0
0.3777362 0.9259133000000001 0
0 0 0
0.3700273 0.9070171 0
0.3469007 0.8503287 0
0.3083562 0.7558479 0
0.2543936 0.6235738 0
0.1850135 0.4535082 0
0.1002156 0.2456502 0
0 0 0
0.3700273 0.9070171 0
0.3469007 0.8503287 0
0.3083562 0.7558479 0
0.2543936 0.6235738 0
0.1850135 0.4535082 0
0.1002156 0.2456502 0
0.398956 0.9169701 0
0 0 0
0.3908141 0.8982564 0
0.3663883 0.8421155 0
0.3256785 0.7485473 0
0.2686845 0.6175508 0
0.1954069 0.4491278 0
0.1058454 0.2432775 0
0 0 0
0.3908141 0.8982564 0
0.3663883 0.8421155 0
0.3256785 0.7485473 0
0.2686845 0.6175508 0
0.1954069 0.4491278 0
0.1058454 0.2432775 0
0.4117427 0.9113002 0
0 0 0
0.4033398 0.8927022 0
0.3781311 0.8369085000000001 0
0.3361166 0.7439188 0
0.2772959 0.6137323 0
0.2016697 0.4463507 0
0.1092377 0.2417733 0
0 0 0
0.4033398 0.8927022 0
0.3781311 0.8369085000000001 0
0.3361166 0.7439188 0
0.2772959 0.6137323 0
0.2016697 0.4463507 0
0.1092377 0.2417733 0
0.4124005 0.9110026 0
0 0 0
0.4039842 0.8924107999999999 0
0.3787353 0.8366352 0
0.3366537 0.743676 0
0.2777389 0.6135319 0
0.2019919 0.446205 0
0.1094123 0.2416944 0
0 0 0
0.4039842 0.8924107999999999 0
0.3787353 0.8366352 0
0.3366537 0.743676 0
0.2777389 0.6135319 0
0.2019919 0.446205 0
0.1094123 0.2416944 0
0.3988461 0.9170179000000001 0
0 0 0
0.3907064 0.8983033 0
0.3662873 0.8421594 0
0.3255888 0.7485864 0
0.2686105 0.617583 0
0.195353 0.4491512 0
0.1058162 0.2432902 0
0 0 0
0.3907064 0.8983033 0
0.3662873 0.8421594 0
0.3255888 0.7485864 0
0.2686105 0.617583 0
0.195353 0.4491512 0
0.1058162 0.2432902 0
0.3782283 0.9257124 0
0 0 0
0.3705094 0.9068203 0
0.3473526 0.8501441 0
0.3087579 0.7556839 0
0.254725 0.6234385 0
0.1852545 0.4534098 0
0.1003462 0.2455969 0
0 0 0
0.3705094 0.9068203 0
0.3473526 0.8501441 0
0.3087579 0.7556839 0
0.254725 0.6234385 0
0.1852545 0.4534098 0
0.1003462 0.2455969 0
0.3718989 0.9282733 0
0 0 0
0.3643091 0.9093289 0
0.3415398 0.852496 0
0.303591 0.7577744 0
0.2504623 0.6251632 0
0.1821544 0.4546641 0
0.09866695 0.2462764 0
0 0 0
0.3643091 0.9093289 0
0.3415398 0.852496 0
0.303591 0.7577744 0
0.2504623 0.6251632 0
0.1821544 0.4546641 0
0.09866695 0.2462764 0
0.3773467 0.9260721 0
0 0 0
0.3696457 0.9071727000000001 0
0.3465429 0.8504745 0
0.3080382 0.7559775 0
0.2541312 0.6236807 0
0.1848227 0.4535859 0
0.1001123 0.2456924 0
0 0 0
0.3696457 0.9071727000000001 0
0.3465429 0.8504745 0
0.3080382 0.7559775 0
0.2541312 0.6236807 0
0.1848227 0.4535859 0
0.1001123 0.2456924 0
0.387542 0.9218521 0
0 0 0
0.379633 0.9030388 0
0.355906 0.846599 0
0.3163609 0.7525326 0
0.2609975 0.6208387 0
0.1898163 0.451519 0
0.1028172 0.2445728 0
0 0 0
0.379633 0.9030388 0
0.355906 0.846599 0
0.3163609 0.7525326 0
0.2609975 0.6208387 0
0.1898163 0.451519 0
0.1028172 0.2445728 0
0.3988487 0.9170168 0
0 0 0
0.3907089 0.8983022000000001 0
0.3662897 0.8421584 0
0.3255909 0.7485854 0
0.2686122 0.6175823 0
0.1953543 0.4491507 0
0.1058169 0.2432899 0
0 0 0
0.3907089 0.8983022000000001 0
0.3662897 0.8421584 0
0.3255909 0.7485854 0
0.2686122 0.6175823 0
0.1953543 0.4491507 0
0.1058169 0.2432899 0
0.8042908 0.5942359 0
0 0 0
0.7878767 0.5821086 0
0.7386346 0.5457269 0
0.6565642 0.4850907 0
0.5416647999999999 0.4001994 0
0.393938 0.2910541 0
0.2133831 0.1576543 0
0 0 0
0.7878767 0.5821086 0
0.7386346 0.5457269 0
0.6565642 0.4850907 0
0.5416647999999999 0.4001994 0
0.393938 0.2910541 0
0.2133831 0.1576543 0
0.7456618 0.6663246 0
0 0 0
0.7304443 0.6527262 0
0.6847915999999999 0.6119309000000001 0
0.6087038 0.5439387 0
0.50218 0.4487489 0
0.3652218 0.3263628 0
0.1978285 0.1767798 0
0 0 0
0.7304443 0.6527262 0
0.6847915999999999 0.6119309000000001 0
0.6087038 0.5439387 0
0.50218 0.4487489 0
0.3652218 0.3263628 0
0.1978285 0.1767798 0
0.6992486999999999 0.7148785 0
0 0 0
0.6849783 0.7002891999999999 0
0.6421672 0.6565212 0
0.5708155 0.5835746000000001 0
0.4709222 0.4814485 0
0.3424889 0.3501443 0
0.1855148 0.1896615 0
0 0 0
0.6849783 0.7002891999999999 0
0.6421672 0.6565212 0
0.5708155 0.5835746000000001 0
0.4709222 0.4814485 0
0.3424889 0.3501443 0
0.1855148 0.1896615 0
0.663226 0.7484192 0
0 0 0
0.6496908 0.7331453999999999 0
0.6090852 0.6873239 0
0.5414092 0.6109547 0
0.4466621 0.504037 0
0.3248451 0.3665724 0
0.1759578 0.19856 0
0 0 0
0.6496908 0.7331453999999999 0
0.6090852 0.6873239 0
0.5414092 0.6109547 0
0.4466621 0.504037 0
0.3248451 0.3665724 0
0.1759578 0.19856 0
0.6359295 0.7717471 0
0 0 0
0.6229514 0.7559972 0
0.584017 0.7087475 0
0.5191264 0.6299979 0
0.4282788 0.5197477 0
0.3114754 0.3779983 0
0.1687158 0.204749 0
0 0 0
0.6229514 0.7559972 0
0.584017 0.7087475 0
0.5191264 0.6299979 0
0.4282788 0.5197477 0
0.3114754 0.3779983 0
0.1687158 0.204749 0
0.616337 0.7874825 0
0 0 0
0.6037588 0.7714114 0
0.5660239 0.7231983 0
0.5031325 0.6428431 0
0.4150838 0.530345 0
0.3018791 0.3857054 0
0.1635178 0.2089237 0
0 0 0
0.6037588 0.7714114 0
0.5660239 0.7231983 0
0.5031325 0.6428431 0
0.4150838 0.530345 0
0.3018791 0.3857054 0
0.1635178 0.2089237 0
0.6042367 0.7968049 0
0 0 0
0.5919054 0.7805436 0
0.5549114000000001 0.7317597 0
0.4932547 0.6504532 0
0.4069346 0.5366233 0
0.2959524 0.3902714 0
0.1603075 0.211397 0
0 0 0
0.5919054 0.7805436 0
0.5549114000000001 0.7317597 0
0.4932547 0.6504532 0
0.4069346 0.5366233 0
0.2959524 0.3902714 0
0.1603075 0.211397 0
0.5160191 0.8565771 0
0 0 0
0.5054881 0.8390959 0
0.4738952 0.7866526 0
0.4212403 0.6992469 0
0.3475228 0.576878 0
0.2527438 0.4195476 0
0.1369029 0.2272549 0
0 0 0
0.5054881 0.8390959 0
0.4738952 0.7866526 0
0.4212403 0.6992469 0
0.3475228 0.576878 0
0.2527438 0.4195476 0
0.1369029 0.2272549 0
0.4736726 0.880701 0
0 0 0
0.4640058 0.8627276 0
0.4350055 0.8088071999999999 0
0.3866717 0.7189399 0
0.3190037 0.5931246999999999 0
0.2320027 0.4313634 0
0.1256681 0.2336552 0
0 0 0
0.4640058 0.8627276 0
0.4350055 0.8088071999999999 0
0.3866717 0.7189399 0
0.3190037 0.5931246999999999 0
0.2320027 0.4313634 0
0.1256681 0.2336552 0
0.4389605 0.8985064 0
0 0 0
0.4300021 0.8801696 0
0.403127 0.8251591 0
0.3583352 0.7334749 0
0.2956262 0.6051161 0
0.2150009 0.4400844 0
0.1164588 0.238379 0
0 0 0
0.4300021 0.8801696 0
0.403127 0.8251591 0
0.3583352 0.7334749 0
0.2956262 0.6051161 0
0.2150009 0.4400844 0
0.1164588 0.238379 0
0.4099756 0.9120965 0
0 0 0
0.4016088 0.8934823 0
0.3765083 0.8376398 0
0.3346741 0.7445689 0
0.2761058 0.6142686000000001 0
0.2008042 0.4467408 0
0.1087689 0.2419846 0
0 0 0
0.4016088 0.8934823 0
0.3765083 0.8376398 0
0.3346741 0.7445689 0
0.2761058 0.6142686000000001 0
0.2008042 0.4467408 0
0.1087689 0.2419846 0
0.4252348 0.9050831 0
0 0 0
0.4165566 0.886612 0
0.3905218 0.8311989 0
0.3471306 0.7388436 0
0.2863824 0.6095453 0
0.2082781 0.4433056 0
0.1128173 0.2401239 0
0 0 0
0.4165566 0.886612 0
0.3905218 0.8311989 0
0.3471306 0.7388436 0
0.2863824 0.6095453 0
0.2082781 0.4433056 0
0.1128173 0.2401239 0
0.4351332 0.9003660999999999 0
0 0 0
0.426253 0.8819913 0
0.3996122 0.826867 0
0.355211 0.734993 0
0.2930487 0.6063685 0
0.2131263 0.4409953 0
0.1154434 0.2388724 0
0 0 0
0.426253 0.8819913 0
0.3996122 0.826867 0
0.355211 0.734993 0
0.2930487 0.6063685 0
0.2131263 0.4409953 0
0.1154434 0.2388724 0
-0.5138490999999999 0.8578806 0
0 0 0
-0.5033624 0.8403729 0
-0.4719023 0.7878497 0
-0.4194688 0.700311 0
-0.3460614 0.5777559 0
-0.251681 0.4201861 0
-0.1363272 0.2276008 0
0 0 0
-0.5033624 0.8403729 0
-0.4719023 0.7878497 0
-0.4194688 0.700311 0
-0.3460614 0.5777559 0
-0.251681 0.4201861 0
-0.1363272 0.2276008 0
-0.4509677 0.8925403 0
0 0 0
-0.4417643 0.8743252 0
-0.4141541 0.81968 0
-0.3681371 0.7286046 0
-0.3037127 0.6010981 0
-0.2208819 0.4371622 0
-0.1196444 0.2367962 0
0 0 0
-0.4417643 0.8743252 0
-0.4141541 0.81968 0
-0.3681371 0.7286046 0
-0.3037127 0.6010981 0
-0.2208819 0.4371622 0
-0.1196444 0.2367962 0
-0.4084412 0.9127845999999999 0
0 0 0
-0.4001057 0.8941564 0
-0.3750991 0.8382717 0
-0.3334215 0.7451306 0
-0.2750724 0.6147321 0
-0.2000527 0.4470778 0
-0.1083619 0.2421671 0
0 0 0
-0.4001057 0.8941564 0
-0.3750991 0.8382717 0
-0.3334215 0.7451306 0
-0.2750724 0.6147321 0
-0.2000527 0.4470778 0
-0.1083619 0.2421671 0
0.9996704 -0.0256714 0
0 0 0
0.9792689999999999 -0.02514749 0
0.9180648 -0.02357578 0
0.8160579 -0.02095625 0
0.6732469 -0.01728889 0
0.4896341 -0.01257374 0
0.2652184 -0.006810773 0
0 0 0
0.9792689999999999 -0.02514749 0
0.9180648 -0.02357578 0
0.8160579 -0.02095625 0
0.6732469 -0.01728889 0
0.4896341 -0.01257374 0
0.2652184 -0.006810773 0
0.9996704 -0.0256714 0
0 0 0
0.9792689999999999 -0.02514749 0
0.9180648 -0.02357578 0
0.8160579 -0.02095625 0
0.6732469 -0.01728889 0
0.4896341 -0.01257374 0
0.2652184 -0.006810773 0
0 0 0
0.9792689999999999 -0.02514749 0
0.9180648 -0.02357578 0
0.8160579 -0.02095625 0
0.6732469 -0.01728889 0
0.4896341 -0.01257374 0
0.2652184 -0.006810773 0
0.9014470999999999 -0.4328893 0
0 0 0
0.8830503 -0.4240548 0
0.8278597 -0.3975514 0
0.7358755 -0.3533792 0
0.6070966 -0.2915375 0
0.4415247 -0.2120272 0
0.2391592 -0.1148481 0
0 0 0
0.8830503 -0.4240548 0
0.8278597 -0.3975514 0
0.7358755 -0.3533792 0
0.6070966 -0.2915375 0
0.4415247 -0.2120272 0
0.2391592 -0.1148481 0
0.9014470999999999 -0.4328893 0
0 0 0
0.8830503 -0.4240548 0
0.8278597 -0.3975514 0
0.7358755 -0.3533792 0
0.6070966 -0.2915375 0
0.4415247 -0.2120272 0
0.2391592 -0.1148481 0
0 0 0
0.8830503 -0.4240548 0
0.8278597 -0.3975514 0
0.7358755 -0.3533792 0
0.6070966 -0.2915375 0
0.4415247 -0.2120272 0
0.2391592 -0.1148481 0
0.8264224999999999 0.5630505 0
0 0 0
0.8095568 0.5515597 0
0.7589596 0.5170873 0
0.6746309 0.4596333 0
0.5565698 0.379197 0
0.404778 0.2757796 0
0.2192547 0.1493806 0
0 0 0
0.8095568 0.5515597 0
0.7589596 0.5170873 0
0.6746309 0.4596333 0
0.5565698 0.379197 0
0.404778 0.2757796 0
0.2192547 0.1493806 0
0.8264224999999999 0.5630505 0
0 0 0
0.8095568 0.5515597 0
0.7589596 0.5170873 0
0.6746309 0.4596333 0
0.5565698 0.379197 0
0.404778 0.2757796 0
0.2192547 0.1493806 0
0 0 0
0.8095568 0.5515597 0
0.7589596 0.5170873 0
0.6746309 0.4596333 0
0.5565698 0.379197 0
0.404778 0.2757796 0
0.2192547 0.1493806 0
0.8042449 0.594298 0
0 0 0
0.7878318 0.5821695 0
0.7385924 0.545784 0
0.6565268 0.4851414 0
0.5416339 0.4002412 0
0.3939156 0.2910845 0
0.2133709 0.1576707 0
0 0 0
0.7878318 0.5821695 0
0.7385924 0.545784 0
0.6565268 0.4851414 0
0.5416339 0.4002412 0
0.3939156 0.2910845 0
0.2133709 0.1576707 0
0.8042449 0.594298 0
0 0 0
0.7878318 0.5821695 0
0.7385924 0.545784 0
0.6565268 0.4851414 0
0.5416339 0.4002412 0
0.3939156 0.2910845 0
0.2133709 0.1576707 0
0 0 0
0.7878318 0.5821695 0
0.7385924 0.545784 0
0.6565268 0.4851414 0
0.5416339 0.4002412 0
0.3939156 0.2910845 0
0.2133709 0.1576707 0
0.9192773 0.3936105 0
0 0 0
0.9005166 0.3855777 0
0.8442344000000001 0.3614791 0
0.7504308 0.3213149 0
0.6191047 0.2650844 0
0.4502579 0.1927887 0
0.2438897 0.1044272 0
0 0 0
0.9005166 0.3855777 0
0.8442344000000001 0.3614791 0
0.7504308 0.3213149 0
0.6191047 0.2650844 0
0.4502579 0.1927887 0
0.2438897 0.1044272 0
0.9192773 0.3936105 0
0 0 0
0.9005166 0.3855777 0
0.8442344000000001 0.3614791 0
0.7504308 0.3213149 0
0.6191047 0.2650844 0
0.4502579 0.1927887 0
0.2438897 0.1044272 0
0 0 0
0.9005166 0.3855777 0
0.8442344000000001 0.3614791 0
0.7504308 0.3213149 0
0.6191047 0.2650844 0
0.4502579 0.1927887 0
0.2438897 0.1044272 0
-0.2834504 0.9589869 0
0 0 0
-0.2776657 0.9394158 0
-0.2603117 0.8807024 0
-0.2313882 0.7828468 0
-0.190895 0.6458478 0
-0.1388327 0.4697075 0
-0.07520106 0.2544249 0
0 0 0
-0.2776657 0.9394158 0
-0.2603117 0.8807024 0
-0.2313882 0.7828468 0
-0.190895 0.6458478 0
-0.1388327 0.4697075 0
-0.07520106 0.2544249 0
-0.05625423 0.9984165 0
0 0 0
-0.05510618 0.9780407 0
-0.05166205 0.9169133 0
-0.04592184 0.8150342 0
-0.03788547 0.6724024 0
-0.02755307 0.4890199 0
-0.01492458 0.2648858 0
0 0 0
-0.05510618 0.9780407 0
-0.05166205 0.9169133 0
-0.04592184 0.8150342 0
-0.03788547 0.6724024 0
-0.02755307 0.4890199 0
-0.01492458 0.2648858 0
0.608064 0.793888 0
0 0 0
0.5956546 0.7776862 0
0.5584263 0.7290809 0
0.496379 0.6480721 0
0.4095122 0.5346589 0
0.297827 0.3888428 0
0.161323 0.2106231 0
0 0 0
0.5956546 0.7776862 0
0.5584263 0.7290809 0
0.496379 0.6480721 0
0.4095122 0.5346589 0
0.297827 0.3888428 0
0.161323 0.2106231 0
0.608064 0.793888 0
0 0 0
0.5956546 0.7776862 0
0.5584263 0.7290809 0
0.496379 0.6480721 0
0.4095122 0.5346589 0
0.297827 0.3888428 0
0.161323 0.2106231 0
0 0 0
0.5956546 0.7776862 0
0.5584263 0.7290809 0
0.496379 0.6480721 0
0.4095122 0.5346589 0
0.297827 0.3888428 0
0.161323 0.2106231 0
-0.880548 0.473957 0
0 0 0
-0.8625777 0.4642844 0
-0.8086667 0.4352667 0
-0.718815 0.3869038 0
-0.5930217 0.3191953 0
-0.4312885 0.232142 0
-0.2336146 0.1257436 0
0 0 0
-0.8625777 0.4642844 0
-0.8086667 0.4352667 0
-0.718815 0.3869038 0
-0.5930217 0.3191953 0
-0.4312885 0.232142 0
-0.2336146 0.1257436 0
-0.5677837 0.8231778 0
0 0 0
-0.5561963 0.8063782 0
-0.5214341 0.7559797 0
-0.4634971 0.6719821 0
-0.3823847 0.5543846 0
-0.2780979 0.4031888 0
-0.1506364 0.2183939 0
0 0 0
-0.5561963 0.8063782 0
-0.5214341 0.7559797 0
-0.4634971 0.6719821 0
-0.3823847 0.5543846 0
-0.2780979 0.4031888 0
-0.1506364 0.2183939 0
0.3763997 0.9264574 0
0 0 0
0.3687181 0.9075501 0
0.3456733 0.8508283 0
0.3072652 0.7562921 0
0.2534935 0.6239401999999999 0
0.1843589 0.4537747 0
0.09986106 0.2457946 0
0 0 0
0.3687181 0.9075501 0
0.3456733 0.8508283 0
0.3072652 0.7562921 0
0.2534935 0.6239401999999999 0
0.1843589 0.4537747 0
0.09986106 0.2457946 0
0.3763997 0.9264574 0
0 0 0
0.3687181 0.9075501 0
0.3456733 0.8508283 0
0.3072652 0.7562921 0
0.2534935 0.6239401999999999 0
0.1843589 0.4537747 0
0.09986106 0.2457946 0
0 0 0
0.3687181 0.9075501 0
0.3456733 0.8508283 0
0.3072652 0.7562921 0
0.2534935 0.6239401999999999 0
0.1843589 0.4537747 0
0.09986106 0.2457946 0
-0.6632117 0.7484319 0
0 0 0
-0.6496768000000001 0.7331578 0
-0.6090721 0.6873355 0
-0.5413976 0.6109651 0
-0.4466525 0.5040456 0
-0.3248381 0.3665786 0
-0.175954 0.1985634 0
0 0 0
-0.6496768000000001 0.7331578 0
-0.6090721 0.6873355 0
-0.5413976 0.6109651 0
-0.4466525 0.5040456 0
-0.3248381 0.3665786 0
-0.175954 0.1985634 0
-0.6632117 0.7484319 0
0 0 0
-0.6496768000000001 0.7331578 0
-0.6090721 0.6873355 0
-0.5413976 0.6109651 0
-0.4466525 0.5040456 0
-0.3248381 0.3665786 0
-0.175954 0.1985634 0
0 0 0
-0.6496768000000001 0.7331578 0
-0.6090721 0.6873355 0
-0.5413976 0.6109651 0
-0.4466525 0.5040456 0
-0.3248381 0.3665786 0
-0.175954 0.1985634 0
0 0 0
0 0 0
0 0 0
0 0 0
0 0 0
0 0 0
0 0 0
0 0 0
0 0 0
0 0 0
0 0 0
0 0 0
0 0 0
0 0 0
0 0 0
0 0 0
0 0 0
0 0 0
0 0 0
0 0 0
0 0 0
0 0 0
0 0 0
0 0 0
0 0 0
0 0 0
0 0 0
0 0 0
0 0 0
0 0 0
0 0 0
0 0 0
0 0 0
0 0 0
0 0 0
0 0 0
0 0 0
0 0 0
0 0 0
0 0 0
0 0 0
0 0 0
0 0 0
0 0 0
0 0 0
0 0 0
0 0 0
0 0 0
0 0 0
0 0 0
0 0 0
0 0 0
0 0 0
0 0 0
0 0 0
0 0 0
0 0 0
0 0 0
0 0 0
0 0 0
0 0 0
0 0 0
0 0 0
0 0 0
0 0 0
0 0 0
0 0 0
0 0 0
0 0 0
0 0 0
0 0 0
0 0 0
0 0 0
0 0 0
0 0 0
0 0 0
0 0 0
0 0 0
0 0 0
0 0 0
0 0 0
0 0 0
0 0 0
0 0 0
0 0 0
0 0 0
0 0 0
0 0 0
0 0 0
0 0 0
0 0 0
0 0 0
0 0 0
0 0 0
0 0 0
0 0 0
